0.000000 0.000000
0.001000 0.000021
0.002000 0.000084
0.003000 0.000189
0.004000 0.000336
0.005000 0.000525
0.006000 0.000756
0.007000 0.001028
0.008000 0.001343
0.009000 0.001700
0.010000 0.002098
0.011000 0.002538
0.012000 0.003020
0.013000 0.003543
0.014000 0.004108
0.015000 0.004714
0.016000 0.005362
0.017000 0.006051
0.018000 0.006782
0.019000 0.007554
0.020000 0.008366
0.021000 0.009220
0.022000 0.010115
0.023000 0.011050
0.024000 0.012027
0.025000 0.013043
0.026000 0.014100
0.027000 0.015198
0.028000 0.016336
0.029000 0.017513
0.030000 0.018731
0.031000 0.019988
0.032000 0.021285
0.033000 0.022622
0.034000 0.023997
0.035000 0.025412
0.036000 0.026866
0.037000 0.028359
0.038000 0.029890
0.039000 0.031460
0.040000 0.033068
0.041000 0.034714
0.042000 0.036398
0.043000 0.038119
0.044000 0.039878
0.045000 0.041675
0.046000 0.043508
0.047000 0.045378
0.048000 0.047285
0.049000 0.049229
0.050000 0.051208
0.051000 0.053223
0.052000 0.055275
0.053000 0.057361
0.054000 0.059483
0.055000 0.061640
0.056000 0.063831
0.057000 0.066057
0.058000 0.068317
0.059000 0.070612
0.060000 0.072939
0.061000 0.075301
0.062000 0.077695
0.063000 0.080123
0.064000 0.082583
0.065000 0.085075
0.066000 0.087599
0.067000 0.090155
0.068000 0.092743
0.069000 0.095361
0.070000 0.098011
0.071000 0.100691
0.072000 0.103402
0.073000 0.106142
0.074000 0.108912
0.075000 0.111711
0.076000 0.114540
0.077000 0.117397
0.078000 0.120282
0.079000 0.123196
0.080000 0.126137
0.081000 0.129106
0.082000 0.132102
0.083000 0.135124
0.084000 0.138173
0.085000 0.141249
0.086000 0.144349
0.087000 0.147476
0.088000 0.150627
0.089000 0.153803
0.090000 0.157004
0.091000 0.160228
0.092000 0.163476
0.093000 0.166748
0.094000 0.170042
0.095000 0.173360
0.096000 0.176699
0.097000 0.180060
0.098000 0.183443
0.099000 0.186847
0.100000 0.190272
0.101000 0.193718
0.102000 0.197183
0.103000 0.200668
0.104000 0.204173
0.105000 0.207696
0.106000 0.211239
0.107000 0.214799
0.108000 0.218378
0.109000 0.221974
0.110000 0.225587
0.111000 0.229217
0.112000 0.232863
0.113000 0.236526
0.114000 0.240204
0.115000 0.243897
0.116000 0.247605
0.117000 0.251328
0.118000 0.255065
0.119000 0.258816
0.120000 0.262581
0.121000 0.266358
0.122000 0.270148
0.123000 0.273950
0.124000 0.277765
0.125000 0.281590
0.126000 0.285428
0.127000 0.289275
0.128000 0.293134
0.129000 0.297002
0.130000 0.300880
0.131000 0.304768
0.132000 0.308664
0.133000 0.312569
0.134000 0.316482
0.135000 0.320403
0.136000 0.324332
0.137000 0.328267
0.138000 0.332210
0.139000 0.336159
0.140000 0.340113
0.141000 0.344074
0.142000 0.348040
0.143000 0.352010
0.144000 0.355986
0.145000 0.359965
0.146000 0.363949
0.147000 0.367935
0.148000 0.371926
0.149000 0.375918
0.150000 0.379914
0.151000 0.383911
0.152000 0.387910
0.153000 0.391911
0.154000 0.395913
0.155000 0.399915
0.156000 0.403918
0.157000 0.407921
0.158000 0.411924
0.159000 0.415926
0.160000 0.419927
0.161000 0.423927
0.162000 0.427925
0.163000 0.431921
0.164000 0.435915
0.165000 0.439907
0.166000 0.443895
0.167000 0.447881
0.168000 0.451862
0.169000 0.455840
0.170000 0.459814
0.171000 0.463784
0.172000 0.467748
0.173000 0.471708
0.174000 0.475662
0.175000 0.479611
0.176000 0.483554
0.177000 0.487490
0.178000 0.491420
0.179000 0.495343
0.180000 0.499259
0.181000 0.503168
0.182000 0.507069
0.183000 0.510962
0.184000 0.514847
0.185000 0.518723
0.186000 0.522591
0.187000 0.526449
0.188000 0.530299
0.189000 0.534138
0.190000 0.537968
0.191000 0.541789
0.192000 0.545598
0.193000 0.549398
0.194000 0.553186
0.195000 0.556964
0.196000 0.560730
0.197000 0.564485
0.198000 0.568228
0.199000 0.571959
0.200000 0.575678
0.201000 0.579384
0.202000 0.583078
0.203000 0.586759
0.204000 0.590428
0.205000 0.594083
0.206000 0.597724
0.207000 0.601352
0.208000 0.604966
0.209000 0.608566
0.210000 0.612152
0.211000 0.615723
0.212000 0.619280
0.213000 0.622822
0.214000 0.626349
0.215000 0.629861
0.216000 0.633358
0.217000 0.636839
0.218000 0.640305
0.219000 0.643754
0.220000 0.647188
0.221000 0.650606
0.222000 0.654007
0.223000 0.657392
0.224000 0.660761
0.225000 0.664113
0.226000 0.667448
0.227000 0.670766
0.228000 0.674066
0.229000 0.677350
0.230000 0.680616
0.231000 0.683865
0.232000 0.687096
0.233000 0.690310
0.234000 0.693506
0.235000 0.696683
0.236000 0.699843
0.237000 0.702985
0.238000 0.706108
0.239000 0.709213
0.240000 0.712299
0.241000 0.715367
0.242000 0.718417
0.243000 0.721447
0.244000 0.724459
0.245000 0.727452
0.246000 0.730427
0.247000 0.733382
0.248000 0.736318
0.249000 0.739235
0.250000 0.742132
0.251000 0.745011
0.252000 0.747870
0.253000 0.750710
0.254000 0.753530
0.255000 0.756331
0.256000 0.759113
0.257000 0.761874
0.258000 0.764617
0.259000 0.767339
0.260000 0.770043
0.261000 0.772726
0.262000 0.775390
0.263000 0.778033
0.264000 0.780658
0.265000 0.783262
0.266000 0.785847
0.267000 0.788411
0.268000 0.790956
0.269000 0.793481
0.270000 0.795987
0.271000 0.798472
0.272000 0.800938
0.273000 0.803384
0.274000 0.805810
0.275000 0.808216
0.276000 0.810603
0.277000 0.812969
0.278000 0.815316
0.279000 0.817643
0.280000 0.819951
0.281000 0.822238
0.282000 0.824506
0.283000 0.826754
0.284000 0.828983
0.285000 0.831192
0.286000 0.833382
0.287000 0.835552
0.288000 0.837702
0.289000 0.839833
0.290000 0.841945
0.291000 0.844037
0.292000 0.846110
0.293000 0.848163
0.294000 0.850198
0.295000 0.852213
0.296000 0.854209
0.297000 0.856186
0.298000 0.858144
0.299000 0.860083
0.300000 0.862003
0.301000 0.863904
0.302000 0.865787
0.303000 0.867651
0.304000 0.869496
0.305000 0.871323
0.306000 0.873131
0.307000 0.874921
0.308000 0.876692
0.309000 0.878445
0.310000 0.880180
0.311000 0.881897
0.312000 0.883596
0.313000 0.885277
0.314000 0.886940
0.315000 0.888585
0.316000 0.890213
0.317000 0.891823
0.318000 0.893415
0.319000 0.894990
0.320000 0.896548
0.321000 0.898088
0.322000 0.899611
0.323000 0.901118
0.324000 0.902607
0.325000 0.904079
0.326000 0.905535
0.327000 0.906974
0.328000 0.908396
0.329000 0.909802
0.330000 0.911191
0.331000 0.912565
0.332000 0.913922
0.333000 0.915262
0.334000 0.916587
0.335000 0.917897
0.336000 0.919190
0.337000 0.920468
0.338000 0.921730
0.339000 0.922977
0.340000 0.924208
0.341000 0.925424
0.342000 0.926625
0.343000 0.927811
0.344000 0.928983
0.345000 0.930139
0.346000 0.931281
0.347000 0.932408
0.348000 0.933521
0.349000 0.934619
0.350000 0.935703
0.351000 0.936773
0.352000 0.937829
0.353000 0.938872
0.354000 0.939900
0.355000 0.940915
0.356000 0.941916
0.357000 0.942904
0.358000 0.943878
0.359000 0.944840
0.360000 0.945788
0.361000 0.946723
0.362000 0.947646
0.363000 0.948555
0.364000 0.949452
0.365000 0.950337
0.366000 0.951209
0.367000 0.952069
0.368000 0.952917
0.369000 0.953752
0.370000 0.954576
0.371000 0.955388
0.372000 0.956188
0.373000 0.956977
0.374000 0.957754
0.375000 0.958520
0.376000 0.959275
0.377000 0.960018
0.378000 0.960751
0.379000 0.961472
0.380000 0.962183
0.381000 0.962883
0.382000 0.963573
0.383000 0.964252
0.384000 0.964921
0.385000 0.965579
0.386000 0.966227
0.387000 0.966866
0.388000 0.967494
0.389000 0.968113
0.390000 0.968722
0.391000 0.969322
0.392000 0.969912
0.393000 0.970492
0.394000 0.971064
0.395000 0.971626
0.396000 0.972179
0.397000 0.972724
0.398000 0.973259
0.399000 0.973786
0.400000 0.974304
0.401000 0.974814
0.402000 0.975315
0.403000 0.975808
0.404000 0.976293
0.405000 0.976769
0.406000 0.977238
0.407000 0.977699
0.408000 0.978152
0.409000 0.978597
0.410000 0.979035
0.411000 0.979465
0.412000 0.979888
0.413000 0.980304
0.414000 0.980712
0.415000 0.981113
0.416000 0.981507
0.417000 0.981895
0.418000 0.982275
0.419000 0.982649
0.420000 0.983016
0.421000 0.983376
0.422000 0.983730
0.423000 0.984078
0.424000 0.984419
0.425000 0.984755
0.426000 0.985084
0.427000 0.985407
0.428000 0.985724
0.429000 0.986035
0.430000 0.986341
0.431000 0.986641
0.432000 0.986935
0.433000 0.987223
0.434000 0.987507
0.435000 0.987785
0.436000 0.988057
0.437000 0.988325
0.438000 0.988587
0.439000 0.988844
0.440000 0.989097
0.441000 0.989344
0.442000 0.989587
0.443000 0.989825
0.444000 0.990058
0.445000 0.990286
0.446000 0.990511
0.447000 0.990730
0.448000 0.990946
0.449000 0.991157
0.450000 0.991363
0.451000 0.991566
0.452000 0.991764
0.453000 0.991959
0.454000 0.992149
0.455000 0.992336
0.456000 0.992519
0.457000 0.992698
0.458000 0.992873
0.459000 0.993045
0.460000 0.993213
0.461000 0.993378
0.462000 0.993539
0.463000 0.993696
0.464000 0.993851
0.465000 0.994002
0.466000 0.994150
0.467000 0.994294
0.468000 0.994436
0.469000 0.994574
0.470000 0.994710
0.471000 0.994843
0.472000 0.994972
0.473000 0.995099
0.474000 0.995223
0.475000 0.995344
0.476000 0.995463
0.477000 0.995579
0.478000 0.995692
0.479000 0.995803
0.480000 0.995911
0.481000 0.996017
0.482000 0.996121
0.483000 0.996222
0.484000 0.996321
0.485000 0.996417
0.486000 0.996512
0.487000 0.996604
0.488000 0.996694
0.489000 0.996782
0.490000 0.996868
0.491000 0.996951
0.492000 0.997033
0.493000 0.997113
0.494000 0.997191
0.495000 0.997267
0.496000 0.997342
0.497000 0.997414
0.498000 0.997485
0.499000 0.997554
0.500000 0.997622
0.501000 0.997687
0.502000 0.997752
0.503000 0.997814
0.504000 0.997875
0.505000 0.997935
0.506000 0.997993
0.507000 0.998049
0.508000 0.998105
0.509000 0.998158
0.510000 0.998211
0.511000 0.998262
0.512000 0.998312
0.513000 0.998360
0.514000 0.998408
0.515000 0.998454
0.516000 0.998499
0.517000 0.998543
0.518000 0.998585
0.519000 0.998627
0.520000 0.998667
0.521000 0.998707
0.522000 0.998745
0.523000 0.998782
0.524000 0.998819
0.525000 0.998854
0.526000 0.998888
0.527000 0.998922
0.528000 0.998954
0.529000 0.998986
0.530000 0.999017
0.531000 0.999047
0.532000 0.999076
0.533000 0.999105
0.534000 0.999132
0.535000 0.999159
0.536000 0.999185
0.537000 0.999211
0.538000 0.999235
0.539000 0.999259
0.540000 0.999282
0.541000 0.999305
0.542000 0.999327
0.543000 0.999348
0.544000 0.999369
0.545000 0.999389
0.546000 0.999409
0.547000 0.999428
0.548000 0.999447
0.549000 0.999464
0.550000 0.999482
0.551000 0.999499
0.552000 0.999515
0.553000 0.999531
0.554000 0.999547
0.555000 0.999562
0.556000 0.999576
0.557000 0.999590
0.558000 0.999604
0.559000 0.999617
0.560000 0.999630
0.561000 0.999643
0.562000 0.999655
0.563000 0.999666
0.564000 0.999678
0.565000 0.999689
0.566000 0.999699
0.567000 0.999710
0.568000 0.999720
0.569000 0.999730
0.570000 0.999739
0.571000 0.999748
0.572000 0.999757
0.573000 0.999765
0.574000 0.999774
0.575000 0.999782
0.576000 0.999789
0.577000 0.999797
0.578000 0.999804
0.579000 0.999811
0.580000 0.999818
0.581000 0.999825
0.582000 0.999831
0.583000 0.999837
0.584000 0.999843
0.585000 0.999849
0.586000 0.999854
0.587000 0.999860
0.588000 0.999865
0.589000 0.999870
0.590000 0.999875
0.591000 0.999879
0.592000 0.999884
0.593000 0.999888
0.594000 0.999893
0.595000 0.999897
0.596000 0.999901
0.597000 0.999904
0.598000 0.999908
0.599000 0.999912
0.600000 0.999915
0.601000 0.999918
0.602000 0.999921
0.603000 0.999924
0.604000 0.999927
0.605000 0.999930
0.606000 0.999933
0.607000 0.999936
0.608000 0.999938
0.609000 0.999941
0.610000 0.999943
0.611000 0.999945
0.612000 0.999948
0.613000 0.999950
0.614000 0.999952
0.615000 0.999954
0.616000 0.999956
0.617000 0.999957
0.618000 0.999959
0.619000 0.999961
0.620000 0.999962
0.621000 0.999964
0.622000 0.999965
0.623000 0.999967
0.624000 0.999968
0.625000 0.999970
0.626000 0.999971
0.627000 0.999972
0.628000 0.999973
0.629000 0.999974
0.630000 0.999976
0.631000 0.999977
0.632000 0.999978
0.633000 0.999979
0.634000 0.999980
0.635000 0.999980
0.636000 0.999981
0.637000 0.999982
0.638000 0.999983
0.639000 0.999984
0.640000 0.999984
0.641000 0.999985
0.642000 0.999986
0.643000 0.999986
0.644000 0.999987
0.645000 0.999988
0.646000 0.999988
0.647000 0.999989
0.648000 0.999989
0.649000 0.999990
0.650000 0.999990
0.651000 0.999991
0.652000 0.999991
0.653000 0.999991
0.654000 0.999992
0.655000 0.999992
0.656000 0.999993
0.657000 0.999993
0.658000 0.999993
0.659000 0.999994
0.660000 0.999994
0.661000 0.999994
0.662000 0.999994
0.663000 0.999995
0.664000 0.999995
0.665000 0.999995
0.666000 0.999995
0.667000 0.999996
0.668000 0.999996
0.669000 0.999996
0.670000 0.999996
0.671000 0.999997
0.672000 0.999997
0.673000 0.999997
0.674000 0.999997
0.675000 0.999997
0.676000 0.999997
0.677000 0.999997
0.678000 0.999998
0.679000 0.999998
0.680000 0.999998
0.681000 0.999998
0.682000 0.999998
0.683000 0.999998
0.684000 0.999998
0.685000 0.999998
0.686000 0.999998
0.687000 0.999999
0.688000 0.999999
0.689000 0.999999
0.690000 0.999999
0.691000 0.999999
0.692000 0.999999
0.693000 0.999999
0.694000 0.999999
0.695000 0.999999
0.696000 0.999999
0.697000 0.999999
0.698000 0.999999
0.699000 0.999999
0.700000 0.999999
0.701000 0.999999
0.702000 0.999999
0.703000 0.999999
0.704000 0.999999
0.705000 0.999999
0.706000 0.999999
0.707000 1.000000
0.708000 1.000000
0.709000 1.000000
0.710000 1.000000
0.711000 1.000000
0.712000 1.000000
0.713000 1.000000
0.714000 1.000000
0.715000 1.000000
0.716000 1.000000
0.717000 1.000000
0.718000 1.000000
0.719000 1.000000
0.720000 1.000000
0.721000 1.000000
0.722000 1.000000
0.723000 1.000000
0.724000 1.000000
0.725000 1.000000
0.726000 1.000000
0.727000 1.000000
0.728000 1.000000
0.729000 1.000000
0.730000 1.000000
0.731000 1.000000
0.732000 1.000000
0.733000 1.000000
0.734000 1.000000
0.735000 1.000000
0.736000 1.000000
0.737000 1.000000
0.738000 1.000000
0.739000 1.000000
0.740000 1.000000
0.741000 1.000000
0.742000 1.000000
0.743000 1.000000
0.744000 1.000000
0.745000 1.000000
0.746000 1.000000
0.747000 1.000000
0.748000 1.000000
0.749000 1.000000
0.750000 1.000000
0.751000 1.000000
0.752000 1.000000
0.753000 1.000000
0.754000 1.000000
0.755000 1.000000
0.756000 1.000000
0.757000 1.000000
0.758000 1.000000
0.759000 1.000000
0.760000 1.000000
0.761000 1.000000
0.762000 1.000000
0.763000 1.000000
0.764000 1.000000
0.765000 1.000000
0.766000 1.000000
0.767000 1.000000
0.768000 1.000000
0.769000 1.000000
0.770000 1.000000
0.771000 1.000000
0.772000 1.000000
0.773000 1.000000
0.774000 1.000000
0.775000 1.000000
0.776000 1.000000
0.777000 1.000000
0.778000 1.000000
0.779000 1.000000
0.780000 1.000000
0.781000 1.000000
0.782000 1.000000
0.783000 1.000000
0.784000 1.000000
0.785000 1.000000
0.786000 1.000000
0.787000 1.000000
0.788000 1.000000
0.789000 1.000000
0.790000 1.000000
0.791000 1.000000
0.792000 1.000000
0.793000 1.000000
0.794000 1.000000
0.795000 1.000000
0.796000 1.000000
0.797000 1.000000
0.798000 1.000000
0.799000 1.000000
0.800000 1.000000
0.801000 1.000000
0.802000 1.000000
0.803000 1.000000
0.804000 1.000000
0.805000 1.000000
0.806000 1.000000
0.807000 1.000000
0.808000 1.000000
0.809000 1.000000
0.810000 1.000000
0.811000 1.000000
0.812000 1.000000
0.813000 1.000000
0.814000 1.000000
0.815000 1.000000
0.816000 1.000000
0.817000 1.000000
0.818000 1.000000
0.819000 1.000000
0.820000 1.000000
0.821000 1.000000
0.822000 1.000000
0.823000 1.000000
0.824000 1.000000
0.825000 1.000000
0.826000 1.000000
0.827000 1.000000
0.828000 1.000000
0.829000 1.000000
0.830000 1.000000
0.831000 1.000000
0.832000 1.000000
0.833000 1.000000
0.834000 1.000000
0.835000 1.000000
0.836000 1.000000
0.837000 1.000000
0.838000 1.000000
0.839000 1.000000
0.840000 1.000000
0.841000 1.000000
0.842000 1.000000
0.843000 1.000000
0.844000 1.000000
0.845000 1.000000
0.846000 1.000000
0.847000 1.000000
0.848000 1.000000
0.849000 1.000000
0.850000 1.000000
0.851000 1.000000
0.852000 1.000000
0.853000 1.000000
0.854000 1.000000
0.855000 1.000000
0.856000 1.000000
0.857000 1.000000
0.858000 1.000000
0.859000 1.000000
0.860000 1.000000
0.861000 1.000000
0.862000 1.000000
0.863000 1.000000
0.864000 1.000000
0.865000 1.000000
0.866000 1.000000
0.867000 1.000000
0.868000 1.000000
0.869000 1.000000
0.870000 1.000000
0.871000 1.000000
0.872000 1.000000
0.873000 1.000000
0.874000 1.000000
0.875000 1.000000
0.876000 1.000000
0.877000 1.000000
0.878000 1.000000
0.879000 1.000000
0.880000 1.000000
0.881000 1.000000
0.882000 1.000000
0.883000 1.000000
0.884000 1.000000
0.885000 1.000000
0.886000 1.000000
0.887000 1.000000
0.888000 1.000000
0.889000 1.000000
0.890000 1.000000
0.891000 1.000000
0.892000 1.000000
0.893000 1.000000
0.894000 1.000000
0.895000 1.000000
0.896000 1.000000
0.897000 1.000000
0.898000 1.000000
0.899000 1.000000
0.900000 1.000000
0.901000 1.000000
0.902000 1.000000
0.903000 1.000000
0.904000 1.000000
0.905000 1.000000
0.906000 1.000000
0.907000 1.000000
0.908000 1.000000
0.909000 1.000000
0.910000 1.000000
0.911000 1.000000
0.912000 1.000000
0.913000 1.000000
0.914000 1.000000
0.915000 1.000000
0.916000 1.000000
0.917000 1.000000
0.918000 1.000000
0.919000 1.000000
0.920000 1.000000
0.921000 1.000000
0.922000 1.000000
0.923000 1.000000
0.924000 1.000000
0.925000 1.000000
0.926000 1.000000
0.927000 1.000000
0.928000 1.000000
0.929000 1.000000
0.930000 1.000000
0.931000 1.000000
0.932000 1.000000
0.933000 1.000000
0.934000 1.000000
0.935000 1.000000
0.936000 1.000000
0.937000 1.000000
0.938000 1.000000
0.939000 1.000000
0.940000 1.000000
0.941000 1.000000
0.942000 1.000000
0.943000 1.000000
0.944000 1.000000
0.945000 1.000000
0.946000 1.000000
0.947000 1.000000
0.948000 1.000000
0.949000 1.000000
0.950000 1.000000
0.951000 1.000000
0.952000 1.000000
0.953000 1.000000
0.954000 1.000000
0.955000 1.000000
0.956000 1.000000
0.957000 1.000000
0.958000 1.000000
0.959000 1.000000
0.960000 1.000000
0.961000 1.000000
0.962000 1.000000
0.963000 1.000000
0.964000 1.000000
0.965000 1.000000
0.966000 1.000000
0.967000 1.000000
0.968000 1.000000
0.969000 1.000000
0.970000 1.000000
0.971000 1.000000
0.972000 1.000000
0.973000 1.000000
0.974000 1.000000
0.975000 1.000000
0.976000 1.000000
0.977000 1.000000
0.978000 1.000000
0.979000 1.000000
0.980000 1.000000
0.981000 1.000000
0.982000 1.000000
0.983000 1.000000
0.984000 1.000000
0.985000 1.000000
0.986000 1.000000
0.987000 1.000000
0.988000 1.000000
0.989000 1.000000
0.990000 1.000000
0.991000 1.000000
0.992000 1.000000
0.993000 1.000000
0.994000 1.000000
0.995000 1.000000
0.996000 1.000000
0.997000 1.000000
0.998000 1.000000
0.999000 1.000000
