0.000000 0.000000
0.001000 0.000000
0.002000 0.000000
0.003000 0.000000
0.004000 0.000000
0.005000 0.000000
0.006000 0.000000
0.007000 0.000000
0.008000 0.000000
0.009000 0.000000
0.010000 0.000000
0.011000 0.000000
0.012000 0.000000
0.013000 0.000000
0.014000 0.000000
0.015000 0.000000
0.016000 0.000000
0.017000 0.000000
0.018000 0.000000
0.019000 0.000000
0.020000 0.000000
0.021000 0.000000
0.022000 0.000000
0.023000 0.000000
0.024000 0.000000
0.025000 0.000000
0.026000 0.000000
0.027000 0.000000
0.028000 0.000000
0.029000 0.000000
0.030000 0.000000
0.031000 0.000000
0.032000 0.000000
0.033000 0.000000
0.034000 0.000000
0.035000 0.000000
0.036000 0.000000
0.037000 0.000000
0.038000 0.000000
0.039000 0.000000
0.040000 0.000000
0.041000 0.000000
0.042000 0.000000
0.043000 0.000000
0.044000 0.000000
0.045000 0.000000
0.046000 0.000000
0.047000 0.000000
0.048000 0.000000
0.049000 0.000000
0.050000 0.000000
0.051000 0.000000
0.052000 0.000000
0.053000 0.000000
0.054000 0.000000
0.055000 0.000000
0.056000 0.000000
0.057000 0.000000
0.058000 0.000000
0.059000 0.000000
0.060000 0.000000
0.061000 0.000000
0.062000 0.000000
0.063000 0.000000
0.064000 0.000000
0.065000 0.000000
0.066000 0.000000
0.067000 0.000000
0.068000 0.000000
0.069000 0.000000
0.070000 0.000000
0.071000 0.000000
0.072000 0.000000
0.073000 0.000000
0.074000 0.000000
0.075000 0.000000
0.076000 0.000000
0.077000 0.000000
0.078000 0.000000
0.079000 0.000000
0.080000 0.000000
0.081000 0.000000
0.082000 0.000000
0.083000 0.000000
0.084000 0.000000
0.085000 0.000000
0.086000 0.000000
0.087000 0.000000
0.088000 0.000000
0.089000 0.000000
0.090000 0.000000
0.091000 0.000000
0.092000 0.000000
0.093000 0.000000
0.094000 0.000000
0.095000 0.000000
0.096000 0.000000
0.097000 0.000000
0.098000 0.000000
0.099000 0.000000
0.100000 0.000000
0.101000 0.000000
0.102000 0.000000
0.103000 0.000000
0.104000 0.000000
0.105000 0.000000
0.106000 0.000000
0.107000 0.000000
0.108000 0.000001
0.109000 0.000001
0.110000 0.000001
0.111000 0.000001
0.112000 0.000001
0.113000 0.000001
0.114000 0.000001
0.115000 0.000001
0.116000 0.000001
0.117000 0.000001
0.118000 0.000001
0.119000 0.000001
0.120000 0.000001
0.121000 0.000001
0.122000 0.000001
0.123000 0.000001
0.124000 0.000001
0.125000 0.000001
0.126000 0.000002
0.127000 0.000002
0.128000 0.000002
0.129000 0.000002
0.130000 0.000002
0.131000 0.000002
0.132000 0.000002
0.133000 0.000002
0.134000 0.000002
0.135000 0.000002
0.136000 0.000003
0.137000 0.000003
0.138000 0.000003
0.139000 0.000003
0.140000 0.000003
0.141000 0.000003
0.142000 0.000003
0.143000 0.000004
0.144000 0.000004
0.145000 0.000004
0.146000 0.000004
0.147000 0.000004
0.148000 0.000005
0.149000 0.000005
0.150000 0.000005
0.151000 0.000005
0.152000 0.000006
0.153000 0.000006
0.154000 0.000006
0.155000 0.000006
0.156000 0.000007
0.157000 0.000007
0.158000 0.000007
0.159000 0.000008
0.160000 0.000008
0.161000 0.000008
0.162000 0.000009
0.163000 0.000009
0.164000 0.000010
0.165000 0.000010
0.166000 0.000010
0.167000 0.000011
0.168000 0.000011
0.169000 0.000012
0.170000 0.000012
0.171000 0.000013
0.172000 0.000013
0.173000 0.000014
0.174000 0.000014
0.175000 0.000015
0.176000 0.000016
0.177000 0.000016
0.178000 0.000017
0.179000 0.000018
0.180000 0.000018
0.181000 0.000019
0.182000 0.000020
0.183000 0.000021
0.184000 0.000021
0.185000 0.000022
0.186000 0.000023
0.187000 0.000024
0.188000 0.000025
0.189000 0.000026
0.190000 0.000027
0.191000 0.000028
0.192000 0.000029
0.193000 0.000030
0.194000 0.000031
0.195000 0.000032
0.196000 0.000033
0.197000 0.000035
0.198000 0.000036
0.199000 0.000037
0.200000 0.000038
0.201000 0.000040
0.202000 0.000041
0.203000 0.000043
0.204000 0.000044
0.205000 0.000046
0.206000 0.000047
0.207000 0.000049
0.208000 0.000051
0.209000 0.000052
0.210000 0.000054
0.211000 0.000056
0.212000 0.000058
0.213000 0.000060
0.214000 0.000062
0.215000 0.000064
0.216000 0.000066
0.217000 0.000068
0.218000 0.000070
0.219000 0.000072
0.220000 0.000075
0.221000 0.000077
0.222000 0.000080
0.223000 0.000082
0.224000 0.000085
0.225000 0.000088
0.226000 0.000090
0.227000 0.000093
0.228000 0.000096
0.229000 0.000099
0.230000 0.000102
0.231000 0.000105
0.232000 0.000109
0.233000 0.000112
0.234000 0.000115
0.235000 0.000119
0.236000 0.000122
0.237000 0.000126
0.238000 0.000130
0.239000 0.000134
0.240000 0.000138
0.241000 0.000142
0.242000 0.000146
0.243000 0.000150
0.244000 0.000154
0.245000 0.000159
0.246000 0.000164
0.247000 0.000168
0.248000 0.000173
0.249000 0.000178
0.250000 0.000183
0.251000 0.000188
0.252000 0.000194
0.253000 0.000199
0.254000 0.000205
0.255000 0.000210
0.256000 0.000216
0.257000 0.000222
0.258000 0.000228
0.259000 0.000235
0.260000 0.000241
0.261000 0.000247
0.262000 0.000254
0.263000 0.000261
0.264000 0.000268
0.265000 0.000275
0.266000 0.000283
0.267000 0.000290
0.268000 0.000298
0.269000 0.000306
0.270000 0.000314
0.271000 0.000322
0.272000 0.000330
0.273000 0.000339
0.274000 0.000348
0.275000 0.000357
0.276000 0.000366
0.277000 0.000375
0.278000 0.000385
0.279000 0.000395
0.280000 0.000405
0.281000 0.000415
0.282000 0.000425
0.283000 0.000436
0.284000 0.000447
0.285000 0.000458
0.286000 0.000469
0.287000 0.000481
0.288000 0.000493
0.289000 0.000505
0.290000 0.000517
0.291000 0.000530
0.292000 0.000543
0.293000 0.000556
0.294000 0.000569
0.295000 0.000583
0.296000 0.000597
0.297000 0.000611
0.298000 0.000626
0.299000 0.000641
0.300000 0.000656
0.301000 0.000671
0.302000 0.000687
0.303000 0.000703
0.304000 0.000720
0.305000 0.000736
0.306000 0.000753
0.307000 0.000771
0.308000 0.000789
0.309000 0.000807
0.310000 0.000825
0.311000 0.000844
0.312000 0.000863
0.313000 0.000883
0.314000 0.000903
0.315000 0.000923
0.316000 0.000944
0.317000 0.000965
0.318000 0.000986
0.319000 0.001008
0.320000 0.001030
0.321000 0.001053
0.322000 0.001076
0.323000 0.001100
0.324000 0.001124
0.325000 0.001149
0.326000 0.001173
0.327000 0.001199
0.328000 0.001225
0.329000 0.001251
0.330000 0.001278
0.331000 0.001305
0.332000 0.001333
0.333000 0.001362
0.334000 0.001390
0.335000 0.001420
0.336000 0.001450
0.337000 0.001480
0.338000 0.001511
0.339000 0.001543
0.340000 0.001575
0.341000 0.001608
0.342000 0.001641
0.343000 0.001675
0.344000 0.001709
0.345000 0.001744
0.346000 0.001780
0.347000 0.001816
0.348000 0.001853
0.349000 0.001891
0.350000 0.001929
0.351000 0.001968
0.352000 0.002007
0.353000 0.002048
0.354000 0.002089
0.355000 0.002130
0.356000 0.002172
0.357000 0.002216
0.358000 0.002259
0.359000 0.002304
0.360000 0.002349
0.361000 0.002395
0.362000 0.002442
0.363000 0.002489
0.364000 0.002538
0.365000 0.002587
0.366000 0.002637
0.367000 0.002688
0.368000 0.002739
0.369000 0.002792
0.370000 0.002845
0.371000 0.002899
0.372000 0.002955
0.373000 0.003011
0.374000 0.003067
0.375000 0.003125
0.376000 0.003184
0.377000 0.003244
0.378000 0.003304
0.379000 0.003366
0.380000 0.003429
0.381000 0.003492
0.382000 0.003557
0.383000 0.003622
0.384000 0.003689
0.385000 0.003757
0.386000 0.003825
0.387000 0.003895
0.388000 0.003966
0.389000 0.004038
0.390000 0.004111
0.391000 0.004186
0.392000 0.004261
0.393000 0.004338
0.394000 0.004415
0.395000 0.004494
0.396000 0.004574
0.397000 0.004656
0.398000 0.004738
0.399000 0.004822
0.400000 0.004907
0.401000 0.004994
0.402000 0.005081
0.403000 0.005170
0.404000 0.005261
0.405000 0.005352
0.406000 0.005445
0.407000 0.005540
0.408000 0.005635
0.409000 0.005733
0.410000 0.005831
0.411000 0.005931
0.412000 0.006033
0.413000 0.006136
0.414000 0.006240
0.415000 0.006347
0.416000 0.006454
0.417000 0.006563
0.418000 0.006674
0.419000 0.006786
0.420000 0.006900
0.421000 0.007016
0.422000 0.007133
0.423000 0.007252
0.424000 0.007372
0.425000 0.007495
0.426000 0.007619
0.427000 0.007744
0.428000 0.007872
0.429000 0.008001
0.430000 0.008132
0.431000 0.008265
0.432000 0.008400
0.433000 0.008537
0.434000 0.008675
0.435000 0.008816
0.436000 0.008958
0.437000 0.009103
0.438000 0.009249
0.439000 0.009397
0.440000 0.009548
0.441000 0.009700
0.442000 0.009855
0.443000 0.010011
0.444000 0.010170
0.445000 0.010331
0.446000 0.010494
0.447000 0.010659
0.448000 0.010827
0.449000 0.010996
0.450000 0.011168
0.451000 0.011342
0.452000 0.011519
0.453000 0.011698
0.454000 0.011879
0.455000 0.012063
0.456000 0.012249
0.457000 0.012437
0.458000 0.012628
0.459000 0.012822
0.460000 0.013018
0.461000 0.013216
0.462000 0.013417
0.463000 0.013621
0.464000 0.013827
0.465000 0.014036
0.466000 0.014248
0.467000 0.014462
0.468000 0.014679
0.469000 0.014899
0.470000 0.015122
0.471000 0.015347
0.472000 0.015576
0.473000 0.015807
0.474000 0.016041
0.475000 0.016278
0.476000 0.016518
0.477000 0.016761
0.478000 0.017007
0.479000 0.017257
0.480000 0.017509
0.481000 0.017764
0.482000 0.018023
0.483000 0.018285
0.484000 0.018550
0.485000 0.018818
0.486000 0.019089
0.487000 0.019364
0.488000 0.019642
0.489000 0.019924
0.490000 0.020209
0.491000 0.020497
0.492000 0.020789
0.493000 0.021085
0.494000 0.021384
0.495000 0.021687
0.496000 0.021993
0.497000 0.022303
0.498000 0.022616
0.499000 0.022934
0.500000 0.023255
0.501000 0.023580
0.502000 0.023909
0.503000 0.024241
0.504000 0.024578
0.505000 0.024918
0.506000 0.025263
0.507000 0.025611
0.508000 0.025964
0.509000 0.026321
0.510000 0.026681
0.511000 0.027046
0.512000 0.027416
0.513000 0.027789
0.514000 0.028167
0.515000 0.028549
0.516000 0.028936
0.517000 0.029327
0.518000 0.029722
0.519000 0.030122
0.520000 0.030526
0.521000 0.030935
0.522000 0.031349
0.523000 0.031767
0.524000 0.032190
0.525000 0.032618
0.526000 0.033050
0.527000 0.033488
0.528000 0.033930
0.529000 0.034377
0.530000 0.034829
0.531000 0.035286
0.532000 0.035748
0.533000 0.036215
0.534000 0.036688
0.535000 0.037165
0.536000 0.037648
0.537000 0.038136
0.538000 0.038629
0.539000 0.039128
0.540000 0.039632
0.541000 0.040142
0.542000 0.040657
0.543000 0.041178
0.544000 0.041704
0.545000 0.042236
0.546000 0.042773
0.547000 0.043317
0.548000 0.043866
0.549000 0.044420
0.550000 0.044981
0.551000 0.045548
0.552000 0.046121
0.553000 0.046699
0.554000 0.047284
0.555000 0.047875
0.556000 0.048472
0.557000 0.049075
0.558000 0.049685
0.559000 0.050301
0.560000 0.050923
0.561000 0.051552
0.562000 0.052187
0.563000 0.052829
0.564000 0.053477
0.565000 0.054132
0.566000 0.054794
0.567000 0.055462
0.568000 0.056137
0.569000 0.056819
0.570000 0.057508
0.571000 0.058204
0.572000 0.058907
0.573000 0.059616
0.574000 0.060333
0.575000 0.061058
0.576000 0.061789
0.577000 0.062528
0.578000 0.063274
0.579000 0.064027
0.580000 0.064788
0.581000 0.065556
0.582000 0.066332
0.583000 0.067115
0.584000 0.067906
0.585000 0.068705
0.586000 0.069512
0.587000 0.070326
0.588000 0.071148
0.589000 0.071979
0.590000 0.072817
0.591000 0.073663
0.592000 0.074518
0.593000 0.075380
0.594000 0.076251
0.595000 0.077130
0.596000 0.078018
0.597000 0.078913
0.598000 0.079818
0.599000 0.080730
0.600000 0.081652
0.601000 0.082582
0.602000 0.083521
0.603000 0.084468
0.604000 0.085424
0.605000 0.086389
0.606000 0.087363
0.607000 0.088347
0.608000 0.089339
0.609000 0.090340
0.610000 0.091350
0.611000 0.092370
0.612000 0.093399
0.613000 0.094437
0.614000 0.095485
0.615000 0.096542
0.616000 0.097608
0.617000 0.098685
0.618000 0.099771
0.619000 0.100866
0.620000 0.101972
0.621000 0.103087
0.622000 0.104212
0.623000 0.105347
0.624000 0.106492
0.625000 0.107647
0.626000 0.108812
0.627000 0.109988
0.628000 0.111173
0.629000 0.112369
0.630000 0.113576
0.631000 0.114793
0.632000 0.116020
0.633000 0.117258
0.634000 0.118506
0.635000 0.119766
0.636000 0.121035
0.637000 0.122316
0.638000 0.123608
0.639000 0.124910
0.640000 0.126224
0.641000 0.127548
0.642000 0.128884
0.643000 0.130230
0.644000 0.131588
0.645000 0.132958
0.646000 0.134338
0.647000 0.135730
0.648000 0.137134
0.649000 0.138549
0.650000 0.139975
0.651000 0.141413
0.652000 0.142863
0.653000 0.144325
0.654000 0.145798
0.655000 0.147283
0.656000 0.148780
0.657000 0.150290
0.658000 0.151811
0.659000 0.153344
0.660000 0.154890
0.661000 0.156447
0.662000 0.158017
0.663000 0.159599
0.664000 0.161194
0.665000 0.162801
0.666000 0.164420
0.667000 0.166052
0.668000 0.167697
0.669000 0.169354
0.670000 0.171024
0.671000 0.172707
0.672000 0.174403
0.673000 0.176111
0.674000 0.177832
0.675000 0.179567
0.676000 0.181314
0.677000 0.183074
0.678000 0.184848
0.679000 0.186634
0.680000 0.188434
0.681000 0.190247
0.682000 0.192073
0.683000 0.193913
0.684000 0.195766
0.685000 0.197633
0.686000 0.199513
0.687000 0.201407
0.688000 0.203314
0.689000 0.205235
0.690000 0.207169
0.691000 0.209117
0.692000 0.211079
0.693000 0.213055
0.694000 0.215045
0.695000 0.217048
0.696000 0.219065
0.697000 0.221097
0.698000 0.223142
0.699000 0.225201
0.700000 0.227275
0.701000 0.229362
0.702000 0.231464
0.703000 0.233580
0.704000 0.235710
0.705000 0.237854
0.706000 0.240012
0.707000 0.242185
0.708000 0.244372
0.709000 0.246574
0.710000 0.248790
0.711000 0.251020
0.712000 0.253264
0.713000 0.255524
0.714000 0.257797
0.715000 0.260085
0.716000 0.262388
0.717000 0.264705
0.718000 0.267037
0.719000 0.269383
0.720000 0.271744
0.721000 0.274119
0.722000 0.276509
0.723000 0.278914
0.724000 0.281333
0.725000 0.283767
0.726000 0.286216
0.727000 0.288679
0.728000 0.291157
0.729000 0.293649
0.730000 0.296157
0.731000 0.298679
0.732000 0.301215
0.733000 0.303767
0.734000 0.306333
0.735000 0.308913
0.736000 0.311509
0.737000 0.314119
0.738000 0.316743
0.739000 0.319383
0.740000 0.322037
0.741000 0.324705
0.742000 0.327388
0.743000 0.330086
0.744000 0.332798
0.745000 0.335525
0.746000 0.338266
0.747000 0.341022
0.748000 0.343792
0.749000 0.346577
0.750000 0.349376
0.751000 0.352190
0.752000 0.355018
0.753000 0.357860
0.754000 0.360716
0.755000 0.363587
0.756000 0.366472
0.757000 0.369371
0.758000 0.372284
0.759000 0.375211
0.760000 0.378152
0.761000 0.381108
0.762000 0.384077
0.763000 0.387060
0.764000 0.390056
0.765000 0.393067
0.766000 0.396091
0.767000 0.399129
0.768000 0.402180
0.769000 0.405244
0.770000 0.408323
0.771000 0.411414
0.772000 0.414519
0.773000 0.417636
0.774000 0.420767
0.775000 0.423911
0.776000 0.427068
0.777000 0.430237
0.778000 0.433420
0.779000 0.436615
0.780000 0.439822
0.781000 0.443042
0.782000 0.446274
0.783000 0.449519
0.784000 0.452775
0.785000 0.456044
0.786000 0.459324
0.787000 0.462616
0.788000 0.465920
0.789000 0.469236
0.790000 0.472562
0.791000 0.475901
0.792000 0.479250
0.793000 0.482610
0.794000 0.485981
0.795000 0.489363
0.796000 0.492755
0.797000 0.496158
0.798000 0.499571
0.799000 0.502994
0.800000 0.506428
0.801000 0.509871
0.802000 0.513323
0.803000 0.516786
0.804000 0.520257
0.805000 0.523738
0.806000 0.527227
0.807000 0.530726
0.808000 0.534233
0.809000 0.537748
0.810000 0.541272
0.811000 0.544804
0.812000 0.548343
0.813000 0.551891
0.814000 0.555445
0.815000 0.559007
0.816000 0.562576
0.817000 0.566152
0.818000 0.569734
0.819000 0.573323
0.820000 0.576918
0.821000 0.580519
0.822000 0.584125
0.823000 0.587737
0.824000 0.591355
0.825000 0.594977
0.826000 0.598604
0.827000 0.602235
0.828000 0.605871
0.829000 0.609511
0.830000 0.613154
0.831000 0.616801
0.832000 0.620451
0.833000 0.624104
0.834000 0.627759
0.835000 0.631417
0.836000 0.635077
0.837000 0.638739
0.838000 0.642402
0.839000 0.646067
0.840000 0.649732
0.841000 0.653398
0.842000 0.657064
0.843000 0.660731
0.844000 0.664397
0.845000 0.668062
0.846000 0.671726
0.847000 0.675389
0.848000 0.679051
0.849000 0.682711
0.850000 0.686368
0.851000 0.690023
0.852000 0.693674
0.853000 0.697323
0.854000 0.700968
0.855000 0.704608
0.856000 0.708245
0.857000 0.711877
0.858000 0.715503
0.859000 0.719125
0.860000 0.722740
0.861000 0.726349
0.862000 0.729952
0.863000 0.733548
0.864000 0.737136
0.865000 0.740717
0.866000 0.744290
0.867000 0.747854
0.868000 0.751410
0.869000 0.754956
0.870000 0.758492
0.871000 0.762019
0.872000 0.765534
0.873000 0.769039
0.874000 0.772533
0.875000 0.776015
0.876000 0.779485
0.877000 0.782942
0.878000 0.786387
0.879000 0.789818
0.880000 0.793235
0.881000 0.796638
0.882000 0.800026
0.883000 0.803399
0.884000 0.806757
0.885000 0.810098
0.886000 0.813423
0.887000 0.816732
0.888000 0.820023
0.889000 0.823296
0.890000 0.826551
0.891000 0.829788
0.892000 0.833005
0.893000 0.836203
0.894000 0.839382
0.895000 0.842539
0.896000 0.845676
0.897000 0.848792
0.898000 0.851885
0.899000 0.854957
0.900000 0.858006
0.901000 0.861032
0.902000 0.864034
0.903000 0.867013
0.904000 0.869967
0.905000 0.872896
0.906000 0.875800
0.907000 0.878678
0.908000 0.881530
0.909000 0.884356
0.910000 0.887154
0.911000 0.889925
0.912000 0.892668
0.913000 0.895383
0.914000 0.898069
0.915000 0.900726
0.916000 0.903353
0.917000 0.905951
0.918000 0.908518
0.919000 0.911054
0.920000 0.913559
0.921000 0.916033
0.922000 0.918474
0.923000 0.920884
0.924000 0.923260
0.925000 0.925604
0.926000 0.927914
0.927000 0.930190
0.928000 0.932432
0.929000 0.934640
0.930000 0.936813
0.931000 0.938951
0.932000 0.941053
0.933000 0.943120
0.934000 0.945151
0.935000 0.947145
0.936000 0.949103
0.937000 0.951024
0.938000 0.952908
0.939000 0.954754
0.940000 0.956563
0.941000 0.958334
0.942000 0.960068
0.943000 0.961763
0.944000 0.963420
0.945000 0.965038
0.946000 0.966618
0.947000 0.968159
0.948000 0.969661
0.949000 0.971124
0.950000 0.972549
0.951000 0.973934
0.952000 0.975280
0.953000 0.976587
0.954000 0.977855
0.955000 0.979084
0.956000 0.980274
0.957000 0.981425
0.958000 0.982537
0.959000 0.983610
0.960000 0.984645
0.961000 0.985641
0.962000 0.986599
0.963000 0.987519
0.964000 0.988402
0.965000 0.989247
0.966000 0.990054
0.967000 0.990825
0.968000 0.991559
0.969000 0.992258
0.970000 0.992920
0.971000 0.993548
0.972000 0.994140
0.973000 0.994699
0.974000 0.995224
0.975000 0.995716
0.976000 0.996176
0.977000 0.996604
0.978000 0.997002
0.979000 0.997369
0.980000 0.997707
0.981000 0.998016
0.982000 0.998298
0.983000 0.998553
0.984000 0.998783
0.985000 0.998988
0.986000 0.999170
0.987000 0.999329
0.988000 0.999468
0.989000 0.999586
0.990000 0.999686
0.991000 0.999769
0.992000 0.999837
0.993000 0.999890
0.994000 0.999930
0.995000 0.999959
0.996000 0.999979
0.997000 0.999991
0.998000 0.999997
0.999000 1.000000
