0.000000 0.000000
0.001000 0.000041
0.002000 0.000164
0.003000 0.000369
0.004000 0.000656
0.005000 0.001024
0.006000 0.001475
0.007000 0.002007
0.008000 0.002621
0.009000 0.003316
0.010000 0.004092
0.011000 0.004949
0.012000 0.005887
0.013000 0.006906
0.014000 0.008005
0.015000 0.009184
0.016000 0.010442
0.017000 0.011781
0.018000 0.013198
0.019000 0.014695
0.020000 0.016269
0.021000 0.017922
0.022000 0.019653
0.023000 0.021461
0.024000 0.023346
0.025000 0.025307
0.026000 0.027345
0.027000 0.029457
0.028000 0.031645
0.029000 0.033907
0.030000 0.036244
0.031000 0.038653
0.032000 0.041136
0.033000 0.043690
0.034000 0.046316
0.035000 0.049014
0.036000 0.051782
0.037000 0.054619
0.038000 0.057526
0.039000 0.060501
0.040000 0.063544
0.041000 0.066654
0.042000 0.069830
0.043000 0.073072
0.044000 0.076379
0.045000 0.079749
0.046000 0.083183
0.047000 0.086680
0.048000 0.090239
0.049000 0.093858
0.050000 0.097538
0.051000 0.101277
0.052000 0.105074
0.053000 0.108929
0.054000 0.112841
0.055000 0.116808
0.056000 0.120831
0.057000 0.124908
0.058000 0.129038
0.059000 0.133220
0.060000 0.137454
0.061000 0.141738
0.062000 0.146071
0.063000 0.150454
0.064000 0.154884
0.065000 0.159360
0.066000 0.163882
0.067000 0.168450
0.068000 0.173060
0.069000 0.177714
0.070000 0.182410
0.071000 0.187146
0.072000 0.191922
0.073000 0.196737
0.074000 0.201590
0.075000 0.206480
0.076000 0.211405
0.077000 0.216365
0.078000 0.221360
0.079000 0.226386
0.080000 0.231445
0.081000 0.236534
0.082000 0.241654
0.083000 0.246801
0.084000 0.251977
0.085000 0.257179
0.086000 0.262407
0.087000 0.267659
0.088000 0.272935
0.089000 0.278234
0.090000 0.283554
0.091000 0.288895
0.092000 0.294255
0.093000 0.299633
0.094000 0.305030
0.095000 0.310442
0.096000 0.315870
0.097000 0.321313
0.098000 0.326769
0.099000 0.332238
0.100000 0.337718
0.101000 0.343209
0.102000 0.348709
0.103000 0.354218
0.104000 0.359734
0.105000 0.365257
0.106000 0.370786
0.107000 0.376319
0.108000 0.381857
0.109000 0.387397
0.110000 0.392939
0.111000 0.398482
0.112000 0.404025
0.113000 0.409568
0.114000 0.415108
0.115000 0.420646
0.116000 0.426181
0.117000 0.431711
0.118000 0.437236
0.119000 0.442755
0.120000 0.448268
0.121000 0.453772
0.122000 0.459268
0.123000 0.464754
0.124000 0.470230
0.125000 0.475695
0.126000 0.481149
0.127000 0.486590
0.128000 0.492017
0.129000 0.497431
0.130000 0.502829
0.131000 0.508212
0.132000 0.513579
0.133000 0.518929
0.134000 0.524261
0.135000 0.529575
0.136000 0.534869
0.137000 0.540144
0.138000 0.545399
0.139000 0.550632
0.140000 0.555844
0.141000 0.561034
0.142000 0.566200
0.143000 0.571344
0.144000 0.576463
0.145000 0.581558
0.146000 0.586627
0.147000 0.591671
0.148000 0.596688
0.149000 0.601679
0.150000 0.606643
0.151000 0.611578
0.152000 0.616486
0.153000 0.621364
0.154000 0.626214
0.155000 0.631034
0.156000 0.635824
0.157000 0.640583
0.158000 0.645312
0.159000 0.650009
0.160000 0.654675
0.161000 0.659308
0.162000 0.663910
0.163000 0.668478
0.164000 0.673014
0.165000 0.677516
0.166000 0.681984
0.167000 0.686419
0.168000 0.690819
0.169000 0.695185
0.170000 0.699515
0.171000 0.703811
0.172000 0.708072
0.173000 0.712297
0.174000 0.716486
0.175000 0.720640
0.176000 0.724757
0.177000 0.728838
0.178000 0.732883
0.179000 0.736891
0.180000 0.740863
0.181000 0.744797
0.182000 0.748695
0.183000 0.752555
0.184000 0.756378
0.185000 0.760164
0.186000 0.763913
0.187000 0.767624
0.188000 0.771297
0.189000 0.774933
0.190000 0.778532
0.191000 0.782093
0.192000 0.785616
0.193000 0.789102
0.194000 0.792550
0.195000 0.795960
0.196000 0.799333
0.197000 0.802668
0.198000 0.805966
0.199000 0.809226
0.200000 0.812448
0.201000 0.815634
0.202000 0.818782
0.203000 0.821893
0.204000 0.824966
0.205000 0.828003
0.206000 0.831003
0.207000 0.833965
0.208000 0.836891
0.209000 0.839781
0.210000 0.842634
0.211000 0.845451
0.212000 0.848231
0.213000 0.850976
0.214000 0.853684
0.215000 0.856357
0.216000 0.858995
0.217000 0.861597
0.218000 0.864164
0.219000 0.866696
0.220000 0.869193
0.221000 0.871655
0.222000 0.874083
0.223000 0.876477
0.224000 0.878837
0.225000 0.881164
0.226000 0.883456
0.227000 0.885716
0.228000 0.887942
0.229000 0.890136
0.230000 0.892297
0.231000 0.894425
0.232000 0.896522
0.233000 0.898586
0.234000 0.900620
0.235000 0.902621
0.236000 0.904592
0.237000 0.906532
0.238000 0.908441
0.239000 0.910320
0.240000 0.912169
0.241000 0.913989
0.242000 0.915779
0.243000 0.917539
0.244000 0.919271
0.245000 0.920974
0.246000 0.922649
0.247000 0.924296
0.248000 0.925915
0.249000 0.927507
0.250000 0.929071
0.251000 0.930609
0.252000 0.932120
0.253000 0.933605
0.254000 0.935063
0.255000 0.936496
0.256000 0.937904
0.257000 0.939286
0.258000 0.940644
0.259000 0.941977
0.260000 0.943286
0.261000 0.944571
0.262000 0.945832
0.263000 0.947070
0.264000 0.948285
0.265000 0.949477
0.266000 0.950646
0.267000 0.951794
0.268000 0.952919
0.269000 0.954023
0.270000 0.955106
0.271000 0.956168
0.272000 0.957208
0.273000 0.958229
0.274000 0.959229
0.275000 0.960210
0.276000 0.961171
0.277000 0.962112
0.278000 0.963035
0.279000 0.963939
0.280000 0.964824
0.281000 0.965692
0.282000 0.966541
0.283000 0.967373
0.284000 0.968187
0.285000 0.968985
0.286000 0.969765
0.287000 0.970529
0.288000 0.971277
0.289000 0.972009
0.290000 0.972725
0.291000 0.973425
0.292000 0.974110
0.293000 0.974781
0.294000 0.975436
0.295000 0.976077
0.296000 0.976704
0.297000 0.977317
0.298000 0.977916
0.299000 0.978501
0.300000 0.979073
0.301000 0.979633
0.302000 0.980179
0.303000 0.980713
0.304000 0.981235
0.305000 0.981744
0.306000 0.982241
0.307000 0.982727
0.308000 0.983202
0.309000 0.983665
0.310000 0.984117
0.311000 0.984558
0.312000 0.984989
0.313000 0.985409
0.314000 0.985819
0.315000 0.986219
0.316000 0.986610
0.317000 0.986990
0.318000 0.987362
0.319000 0.987724
0.320000 0.988077
0.321000 0.988421
0.322000 0.988756
0.323000 0.989083
0.324000 0.989402
0.325000 0.989713
0.326000 0.990015
0.327000 0.990310
0.328000 0.990597
0.329000 0.990877
0.330000 0.991149
0.331000 0.991414
0.332000 0.991673
0.333000 0.991924
0.334000 0.992169
0.335000 0.992407
0.336000 0.992639
0.337000 0.992864
0.338000 0.993084
0.339000 0.993297
0.340000 0.993505
0.341000 0.993707
0.342000 0.993903
0.343000 0.994094
0.344000 0.994280
0.345000 0.994460
0.346000 0.994635
0.347000 0.994806
0.348000 0.994972
0.349000 0.995132
0.350000 0.995289
0.351000 0.995441
0.352000 0.995588
0.353000 0.995731
0.354000 0.995870
0.355000 0.996006
0.356000 0.996137
0.357000 0.996264
0.358000 0.996387
0.359000 0.996507
0.360000 0.996623
0.361000 0.996736
0.362000 0.996846
0.363000 0.996952
0.364000 0.997055
0.365000 0.997154
0.366000 0.997251
0.367000 0.997345
0.368000 0.997436
0.369000 0.997524
0.370000 0.997609
0.371000 0.997692
0.372000 0.997772
0.373000 0.997850
0.374000 0.997925
0.375000 0.997998
0.376000 0.998068
0.377000 0.998137
0.378000 0.998203
0.379000 0.998267
0.380000 0.998329
0.381000 0.998388
0.382000 0.998446
0.383000 0.998502
0.384000 0.998557
0.385000 0.998609
0.386000 0.998660
0.387000 0.998709
0.388000 0.998756
0.389000 0.998802
0.390000 0.998846
0.391000 0.998889
0.392000 0.998930
0.393000 0.998970
0.394000 0.999009
0.395000 0.999046
0.396000 0.999082
0.397000 0.999117
0.398000 0.999150
0.399000 0.999183
0.400000 0.999214
0.401000 0.999244
0.402000 0.999273
0.403000 0.999301
0.404000 0.999328
0.405000 0.999354
0.406000 0.999380
0.407000 0.999404
0.408000 0.999427
0.409000 0.999450
0.410000 0.999472
0.411000 0.999493
0.412000 0.999513
0.413000 0.999532
0.414000 0.999551
0.415000 0.999569
0.416000 0.999586
0.417000 0.999603
0.418000 0.999619
0.419000 0.999635
0.420000 0.999650
0.421000 0.999664
0.422000 0.999678
0.423000 0.999691
0.424000 0.999704
0.425000 0.999716
0.426000 0.999728
0.427000 0.999740
0.428000 0.999750
0.429000 0.999761
0.430000 0.999771
0.431000 0.999781
0.432000 0.999790
0.433000 0.999799
0.434000 0.999808
0.435000 0.999816
0.436000 0.999824
0.437000 0.999832
0.438000 0.999839
0.439000 0.999846
0.440000 0.999853
0.441000 0.999859
0.442000 0.999865
0.443000 0.999871
0.444000 0.999877
0.445000 0.999882
0.446000 0.999888
0.447000 0.999893
0.448000 0.999897
0.449000 0.999902
0.450000 0.999906
0.451000 0.999911
0.452000 0.999915
0.453000 0.999919
0.454000 0.999922
0.455000 0.999926
0.456000 0.999929
0.457000 0.999933
0.458000 0.999936
0.459000 0.999939
0.460000 0.999942
0.461000 0.999944
0.462000 0.999947
0.463000 0.999949
0.464000 0.999952
0.465000 0.999954
0.466000 0.999956
0.467000 0.999958
0.468000 0.999960
0.469000 0.999962
0.470000 0.999964
0.471000 0.999966
0.472000 0.999967
0.473000 0.999969
0.474000 0.999971
0.475000 0.999972
0.476000 0.999973
0.477000 0.999975
0.478000 0.999976
0.479000 0.999977
0.480000 0.999978
0.481000 0.999979
0.482000 0.999980
0.483000 0.999981
0.484000 0.999982
0.485000 0.999983
0.486000 0.999984
0.487000 0.999985
0.488000 0.999986
0.489000 0.999986
0.490000 0.999987
0.491000 0.999988
0.492000 0.999988
0.493000 0.999989
0.494000 0.999990
0.495000 0.999990
0.496000 0.999991
0.497000 0.999991
0.498000 0.999992
0.499000 0.999992
0.500000 0.999992
0.501000 0.999993
0.502000 0.999993
0.503000 0.999994
0.504000 0.999994
0.505000 0.999994
0.506000 0.999995
0.507000 0.999995
0.508000 0.999995
0.509000 0.999995
0.510000 0.999996
0.511000 0.999996
0.512000 0.999996
0.513000 0.999996
0.514000 0.999997
0.515000 0.999997
0.516000 0.999997
0.517000 0.999997
0.518000 0.999997
0.519000 0.999997
0.520000 0.999998
0.521000 0.999998
0.522000 0.999998
0.523000 0.999998
0.524000 0.999998
0.525000 0.999998
0.526000 0.999998
0.527000 0.999998
0.528000 0.999998
0.529000 0.999999
0.530000 0.999999
0.531000 0.999999
0.532000 0.999999
0.533000 0.999999
0.534000 0.999999
0.535000 0.999999
0.536000 0.999999
0.537000 0.999999
0.538000 0.999999
0.539000 0.999999
0.540000 0.999999
0.541000 0.999999
0.542000 0.999999
0.543000 0.999999
0.544000 0.999999
0.545000 0.999999
0.546000 1.000000
0.547000 1.000000
0.548000 1.000000
0.549000 1.000000
0.550000 1.000000
0.551000 1.000000
0.552000 1.000000
0.553000 1.000000
0.554000 1.000000
0.555000 1.000000
0.556000 1.000000
0.557000 1.000000
0.558000 1.000000
0.559000 1.000000
0.560000 1.000000
0.561000 1.000000
0.562000 1.000000
0.563000 1.000000
0.564000 1.000000
0.565000 1.000000
0.566000 1.000000
0.567000 1.000000
0.568000 1.000000
0.569000 1.000000
0.570000 1.000000
0.571000 1.000000
0.572000 1.000000
0.573000 1.000000
0.574000 1.000000
0.575000 1.000000
0.576000 1.000000
0.577000 1.000000
0.578000 1.000000
0.579000 1.000000
0.580000 1.000000
0.581000 1.000000
0.582000 1.000000
0.583000 1.000000
0.584000 1.000000
0.585000 1.000000
0.586000 1.000000
0.587000 1.000000
0.588000 1.000000
0.589000 1.000000
0.590000 1.000000
0.591000 1.000000
0.592000 1.000000
0.593000 1.000000
0.594000 1.000000
0.595000 1.000000
0.596000 1.000000
0.597000 1.000000
0.598000 1.000000
0.599000 1.000000
0.600000 1.000000
0.601000 1.000000
0.602000 1.000000
0.603000 1.000000
0.604000 1.000000
0.605000 1.000000
0.606000 1.000000
0.607000 1.000000
0.608000 1.000000
0.609000 1.000000
0.610000 1.000000
0.611000 1.000000
0.612000 1.000000
0.613000 1.000000
0.614000 1.000000
0.615000 1.000000
0.616000 1.000000
0.617000 1.000000
0.618000 1.000000
0.619000 1.000000
0.620000 1.000000
0.621000 1.000000
0.622000 1.000000
0.623000 1.000000
0.624000 1.000000
0.625000 1.000000
0.626000 1.000000
0.627000 1.000000
0.628000 1.000000
0.629000 1.000000
0.630000 1.000000
0.631000 1.000000
0.632000 1.000000
0.633000 1.000000
0.634000 1.000000
0.635000 1.000000
0.636000 1.000000
0.637000 1.000000
0.638000 1.000000
0.639000 1.000000
0.640000 1.000000
0.641000 1.000000
0.642000 1.000000
0.643000 1.000000
0.644000 1.000000
0.645000 1.000000
0.646000 1.000000
0.647000 1.000000
0.648000 1.000000
0.649000 1.000000
0.650000 1.000000
0.651000 1.000000
0.652000 1.000000
0.653000 1.000000
0.654000 1.000000
0.655000 1.000000
0.656000 1.000000
0.657000 1.000000
0.658000 1.000000
0.659000 1.000000
0.660000 1.000000
0.661000 1.000000
0.662000 1.000000
0.663000 1.000000
0.664000 1.000000
0.665000 1.000000
0.666000 1.000000
0.667000 1.000000
0.668000 1.000000
0.669000 1.000000
0.670000 1.000000
0.671000 1.000000
0.672000 1.000000
0.673000 1.000000
0.674000 1.000000
0.675000 1.000000
0.676000 1.000000
0.677000 1.000000
0.678000 1.000000
0.679000 1.000000
0.680000 1.000000
0.681000 1.000000
0.682000 1.000000
0.683000 1.000000
0.684000 1.000000
0.685000 1.000000
0.686000 1.000000
0.687000 1.000000
0.688000 1.000000
0.689000 1.000000
0.690000 1.000000
0.691000 1.000000
0.692000 1.000000
0.693000 1.000000
0.694000 1.000000
0.695000 1.000000
0.696000 1.000000
0.697000 1.000000
0.698000 1.000000
0.699000 1.000000
0.700000 1.000000
0.701000 1.000000
0.702000 1.000000
0.703000 1.000000
0.704000 1.000000
0.705000 1.000000
0.706000 1.000000
0.707000 1.000000
0.708000 1.000000
0.709000 1.000000
0.710000 1.000000
0.711000 1.000000
0.712000 1.000000
0.713000 1.000000
0.714000 1.000000
0.715000 1.000000
0.716000 1.000000
0.717000 1.000000
0.718000 1.000000
0.719000 1.000000
0.720000 1.000000
0.721000 1.000000
0.722000 1.000000
0.723000 1.000000
0.724000 1.000000
0.725000 1.000000
0.726000 1.000000
0.727000 1.000000
0.728000 1.000000
0.729000 1.000000
0.730000 1.000000
0.731000 1.000000
0.732000 1.000000
0.733000 1.000000
0.734000 1.000000
0.735000 1.000000
0.736000 1.000000
0.737000 1.000000
0.738000 1.000000
0.739000 1.000000
0.740000 1.000000
0.741000 1.000000
0.742000 1.000000
0.743000 1.000000
0.744000 1.000000
0.745000 1.000000
0.746000 1.000000
0.747000 1.000000
0.748000 1.000000
0.749000 1.000000
0.750000 1.000000
0.751000 1.000000
0.752000 1.000000
0.753000 1.000000
0.754000 1.000000
0.755000 1.000000
0.756000 1.000000
0.757000 1.000000
0.758000 1.000000
0.759000 1.000000
0.760000 1.000000
0.761000 1.000000
0.762000 1.000000
0.763000 1.000000
0.764000 1.000000
0.765000 1.000000
0.766000 1.000000
0.767000 1.000000
0.768000 1.000000
0.769000 1.000000
0.770000 1.000000
0.771000 1.000000
0.772000 1.000000
0.773000 1.000000
0.774000 1.000000
0.775000 1.000000
0.776000 1.000000
0.777000 1.000000
0.778000 1.000000
0.779000 1.000000
0.780000 1.000000
0.781000 1.000000
0.782000 1.000000
0.783000 1.000000
0.784000 1.000000
0.785000 1.000000
0.786000 1.000000
0.787000 1.000000
0.788000 1.000000
0.789000 1.000000
0.790000 1.000000
0.791000 1.000000
0.792000 1.000000
0.793000 1.000000
0.794000 1.000000
0.795000 1.000000
0.796000 1.000000
0.797000 1.000000
0.798000 1.000000
0.799000 1.000000
0.800000 1.000000
0.801000 1.000000
0.802000 1.000000
0.803000 1.000000
0.804000 1.000000
0.805000 1.000000
0.806000 1.000000
0.807000 1.000000
0.808000 1.000000
0.809000 1.000000
0.810000 1.000000
0.811000 1.000000
0.812000 1.000000
0.813000 1.000000
0.814000 1.000000
0.815000 1.000000
0.816000 1.000000
0.817000 1.000000
0.818000 1.000000
0.819000 1.000000
0.820000 1.000000
0.821000 1.000000
0.822000 1.000000
0.823000 1.000000
0.824000 1.000000
0.825000 1.000000
0.826000 1.000000
0.827000 1.000000
0.828000 1.000000
0.829000 1.000000
0.830000 1.000000
0.831000 1.000000
0.832000 1.000000
0.833000 1.000000
0.834000 1.000000
0.835000 1.000000
0.836000 1.000000
0.837000 1.000000
0.838000 1.000000
0.839000 1.000000
0.840000 1.000000
0.841000 1.000000
0.842000 1.000000
0.843000 1.000000
0.844000 1.000000
0.845000 1.000000
0.846000 1.000000
0.847000 1.000000
0.848000 1.000000
0.849000 1.000000
0.850000 1.000000
0.851000 1.000000
0.852000 1.000000
0.853000 1.000000
0.854000 1.000000
0.855000 1.000000
0.856000 1.000000
0.857000 1.000000
0.858000 1.000000
0.859000 1.000000
0.860000 1.000000
0.861000 1.000000
0.862000 1.000000
0.863000 1.000000
0.864000 1.000000
0.865000 1.000000
0.866000 1.000000
0.867000 1.000000
0.868000 1.000000
0.869000 1.000000
0.870000 1.000000
0.871000 1.000000
0.872000 1.000000
0.873000 1.000000
0.874000 1.000000
0.875000 1.000000
0.876000 1.000000
0.877000 1.000000
0.878000 1.000000
0.879000 1.000000
0.880000 1.000000
0.881000 1.000000
0.882000 1.000000
0.883000 1.000000
0.884000 1.000000
0.885000 1.000000
0.886000 1.000000
0.887000 1.000000
0.888000 1.000000
0.889000 1.000000
0.890000 1.000000
0.891000 1.000000
0.892000 1.000000
0.893000 1.000000
0.894000 1.000000
0.895000 1.000000
0.896000 1.000000
0.897000 1.000000
0.898000 1.000000
0.899000 1.000000
0.900000 1.000000
0.901000 1.000000
0.902000 1.000000
0.903000 1.000000
0.904000 1.000000
0.905000 1.000000
0.906000 1.000000
0.907000 1.000000
0.908000 1.000000
0.909000 1.000000
0.910000 1.000000
0.911000 1.000000
0.912000 1.000000
0.913000 1.000000
0.914000 1.000000
0.915000 1.000000
0.916000 1.000000
0.917000 1.000000
0.918000 1.000000
0.919000 1.000000
0.920000 1.000000
0.921000 1.000000
0.922000 1.000000
0.923000 1.000000
0.924000 1.000000
0.925000 1.000000
0.926000 1.000000
0.927000 1.000000
0.928000 1.000000
0.929000 1.000000
0.930000 1.000000
0.931000 1.000000
0.932000 1.000000
0.933000 1.000000
0.934000 1.000000
0.935000 1.000000
0.936000 1.000000
0.937000 1.000000
0.938000 1.000000
0.939000 1.000000
0.940000 1.000000
0.941000 1.000000
0.942000 1.000000
0.943000 1.000000
0.944000 1.000000
0.945000 1.000000
0.946000 1.000000
0.947000 1.000000
0.948000 1.000000
0.949000 1.000000
0.950000 1.000000
0.951000 1.000000
0.952000 1.000000
0.953000 1.000000
0.954000 1.000000
0.955000 1.000000
0.956000 1.000000
0.957000 1.000000
0.958000 1.000000
0.959000 1.000000
0.960000 1.000000
0.961000 1.000000
0.962000 1.000000
0.963000 1.000000
0.964000 1.000000
0.965000 1.000000
0.966000 1.000000
0.967000 1.000000
0.968000 1.000000
0.969000 1.000000
0.970000 1.000000
0.971000 1.000000
0.972000 1.000000
0.973000 1.000000
0.974000 1.000000
0.975000 1.000000
0.976000 1.000000
0.977000 1.000000
0.978000 1.000000
0.979000 1.000000
0.980000 1.000000
0.981000 1.000000
0.982000 1.000000
0.983000 1.000000
0.984000 1.000000
0.985000 1.000000
0.986000 1.000000
0.987000 1.000000
0.988000 1.000000
0.989000 1.000000
0.990000 1.000000
0.991000 1.000000
0.992000 1.000000
0.993000 1.000000
0.994000 1.000000
0.995000 1.000000
0.996000 1.000000
0.997000 1.000000
0.998000 1.000000
0.999000 1.000000
