0.000000 0.000000
0.001000 0.000011
0.002000 0.000044
0.003000 0.000099
0.004000 0.000176
0.005000 0.000275
0.006000 0.000396
0.007000 0.000539
0.008000 0.000704
0.009000 0.000891
0.010000 0.001099
0.011000 0.001330
0.012000 0.001583
0.013000 0.001857
0.014000 0.002154
0.015000 0.002472
0.016000 0.002812
0.017000 0.003174
0.018000 0.003558
0.019000 0.003964
0.020000 0.004391
0.021000 0.004840
0.022000 0.005311
0.023000 0.005804
0.024000 0.006318
0.025000 0.006854
0.026000 0.007411
0.027000 0.007990
0.028000 0.008590
0.029000 0.009212
0.030000 0.009856
0.031000 0.010520
0.032000 0.011207
0.033000 0.011914
0.034000 0.012643
0.035000 0.013393
0.036000 0.014164
0.037000 0.014956
0.038000 0.015770
0.039000 0.016604
0.040000 0.017460
0.041000 0.018336
0.042000 0.019234
0.043000 0.020152
0.044000 0.021091
0.045000 0.022051
0.046000 0.023031
0.047000 0.024032
0.048000 0.025054
0.049000 0.026096
0.050000 0.027159
0.051000 0.028242
0.052000 0.029345
0.053000 0.030469
0.054000 0.031612
0.055000 0.032776
0.056000 0.033960
0.057000 0.035164
0.058000 0.036388
0.059000 0.037631
0.060000 0.038895
0.061000 0.040178
0.062000 0.041481
0.063000 0.042803
0.064000 0.044144
0.065000 0.045506
0.066000 0.046886
0.067000 0.048285
0.068000 0.049704
0.069000 0.051142
0.070000 0.052599
0.071000 0.054074
0.072000 0.055569
0.073000 0.057082
0.074000 0.058614
0.075000 0.060164
0.076000 0.061733
0.077000 0.063320
0.078000 0.064925
0.079000 0.066548
0.080000 0.068190
0.081000 0.069849
0.082000 0.071527
0.083000 0.073222
0.084000 0.074935
0.085000 0.076665
0.086000 0.078413
0.087000 0.080179
0.088000 0.081961
0.089000 0.083761
0.090000 0.085578
0.091000 0.087412
0.092000 0.089262
0.093000 0.091130
0.094000 0.093014
0.095000 0.094914
0.096000 0.096831
0.097000 0.098765
0.098000 0.100714
0.099000 0.102680
0.100000 0.104662
0.101000 0.106659
0.102000 0.108673
0.103000 0.110702
0.104000 0.112746
0.105000 0.114806
0.106000 0.116881
0.107000 0.118972
0.108000 0.121077
0.109000 0.123198
0.110000 0.125333
0.111000 0.127483
0.112000 0.129647
0.113000 0.131826
0.114000 0.134020
0.115000 0.136227
0.116000 0.138449
0.117000 0.140685
0.118000 0.142934
0.119000 0.145197
0.120000 0.147474
0.121000 0.149764
0.122000 0.152068
0.123000 0.154385
0.124000 0.156715
0.125000 0.159057
0.126000 0.161413
0.127000 0.163782
0.128000 0.166162
0.129000 0.168556
0.130000 0.170962
0.131000 0.173379
0.132000 0.175809
0.133000 0.178251
0.134000 0.180705
0.135000 0.183170
0.136000 0.185647
0.137000 0.188135
0.138000 0.190634
0.139000 0.193145
0.140000 0.195666
0.141000 0.198198
0.142000 0.200741
0.143000 0.203295
0.144000 0.205859
0.145000 0.208433
0.146000 0.211017
0.147000 0.213612
0.148000 0.216216
0.149000 0.218830
0.150000 0.221454
0.151000 0.224087
0.152000 0.226729
0.153000 0.229381
0.154000 0.232041
0.155000 0.234711
0.156000 0.237389
0.157000 0.240076
0.158000 0.242771
0.159000 0.245475
0.160000 0.248187
0.161000 0.250907
0.162000 0.253634
0.163000 0.256370
0.164000 0.259113
0.165000 0.261864
0.166000 0.264622
0.167000 0.267387
0.168000 0.270160
0.169000 0.272939
0.170000 0.275725
0.171000 0.278518
0.172000 0.281317
0.173000 0.284122
0.174000 0.286934
0.175000 0.289752
0.176000 0.292576
0.177000 0.295405
0.178000 0.298241
0.179000 0.301081
0.180000 0.303928
0.181000 0.306779
0.182000 0.309635
0.183000 0.312497
0.184000 0.315363
0.185000 0.318234
0.186000 0.321109
0.187000 0.323989
0.188000 0.326873
0.189000 0.329761
0.190000 0.332653
0.191000 0.335549
0.192000 0.338448
0.193000 0.341351
0.194000 0.344258
0.195000 0.347168
0.196000 0.350081
0.197000 0.352996
0.198000 0.355915
0.199000 0.358837
0.200000 0.361761
0.201000 0.364687
0.202000 0.367616
0.203000 0.370547
0.204000 0.373480
0.205000 0.376415
0.206000 0.379351
0.207000 0.382289
0.208000 0.385229
0.209000 0.388170
0.210000 0.391112
0.211000 0.394056
0.212000 0.397000
0.213000 0.399945
0.214000 0.402891
0.215000 0.405837
0.216000 0.408784
0.217000 0.411731
0.218000 0.414679
0.219000 0.417626
0.220000 0.420573
0.221000 0.423520
0.222000 0.426466
0.223000 0.429413
0.224000 0.432358
0.225000 0.435303
0.226000 0.438247
0.227000 0.441189
0.228000 0.444131
0.229000 0.447072
0.230000 0.450011
0.231000 0.452948
0.232000 0.455884
0.233000 0.458819
0.234000 0.461751
0.235000 0.464681
0.236000 0.467610
0.237000 0.470536
0.238000 0.473460
0.239000 0.476381
0.240000 0.479299
0.241000 0.482215
0.242000 0.485129
0.243000 0.488039
0.244000 0.490946
0.245000 0.493850
0.246000 0.496751
0.247000 0.499648
0.248000 0.502542
0.249000 0.505432
0.250000 0.508318
0.251000 0.511201
0.252000 0.514080
0.253000 0.516954
0.254000 0.519824
0.255000 0.522691
0.256000 0.525552
0.257000 0.528410
0.258000 0.531262
0.259000 0.534110
0.260000 0.536953
0.261000 0.539791
0.262000 0.542625
0.263000 0.545453
0.264000 0.548275
0.265000 0.551093
0.266000 0.553905
0.267000 0.556711
0.268000 0.559512
0.269000 0.562308
0.270000 0.565097
0.271000 0.567880
0.272000 0.570658
0.273000 0.573429
0.274000 0.576195
0.275000 0.578953
0.276000 0.581706
0.277000 0.584452
0.278000 0.587192
0.279000 0.589924
0.280000 0.592651
0.281000 0.595370
0.282000 0.598082
0.283000 0.600788
0.284000 0.603486
0.285000 0.606177
0.286000 0.608861
0.287000 0.611538
0.288000 0.614207
0.289000 0.616869
0.290000 0.619523
0.291000 0.622169
0.292000 0.624808
0.293000 0.627439
0.294000 0.630062
0.295000 0.632677
0.296000 0.635284
0.297000 0.637884
0.298000 0.640474
0.299000 0.643057
0.300000 0.645631
0.301000 0.648197
0.302000 0.650755
0.303000 0.653304
0.304000 0.655844
0.305000 0.658376
0.306000 0.660899
0.307000 0.663413
0.308000 0.665919
0.309000 0.668415
0.310000 0.670903
0.311000 0.673381
0.312000 0.675851
0.313000 0.678311
0.314000 0.680762
0.315000 0.683204
0.316000 0.685637
0.317000 0.688060
0.318000 0.690474
0.319000 0.692878
0.320000 0.695273
0.321000 0.697658
0.322000 0.700034
0.323000 0.702400
0.324000 0.704756
0.325000 0.707102
0.326000 0.709439
0.327000 0.711766
0.328000 0.714082
0.329000 0.716389
0.330000 0.718686
0.331000 0.720973
0.332000 0.723250
0.333000 0.725517
0.334000 0.727773
0.335000 0.730020
0.336000 0.732256
0.337000 0.734482
0.338000 0.736697
0.339000 0.738903
0.340000 0.741098
0.341000 0.743282
0.342000 0.745456
0.343000 0.747620
0.344000 0.749773
0.345000 0.751916
0.346000 0.754048
0.347000 0.756169
0.348000 0.758280
0.349000 0.760380
0.350000 0.762470
0.351000 0.764549
0.352000 0.766617
0.353000 0.768675
0.354000 0.770722
0.355000 0.772758
0.356000 0.774783
0.357000 0.776798
0.358000 0.778801
0.359000 0.780794
0.360000 0.782776
0.361000 0.784747
0.362000 0.786707
0.363000 0.788657
0.364000 0.790595
0.365000 0.792523
0.366000 0.794440
0.367000 0.796345
0.368000 0.798240
0.369000 0.800124
0.370000 0.801997
0.371000 0.803859
0.372000 0.805710
0.373000 0.807550
0.374000 0.809379
0.375000 0.811197
0.376000 0.813004
0.377000 0.814800
0.378000 0.816585
0.379000 0.818359
0.380000 0.820122
0.381000 0.821874
0.382000 0.823615
0.383000 0.825345
0.384000 0.827064
0.385000 0.828772
0.386000 0.830470
0.387000 0.832156
0.388000 0.833831
0.389000 0.835495
0.390000 0.837149
0.391000 0.838791
0.392000 0.840423
0.393000 0.842043
0.394000 0.843653
0.395000 0.845252
0.396000 0.846840
0.397000 0.848417
0.398000 0.849983
0.399000 0.851538
0.400000 0.853083
0.401000 0.854617
0.402000 0.856140
0.403000 0.857652
0.404000 0.859153
0.405000 0.860644
0.406000 0.862124
0.407000 0.863593
0.408000 0.865052
0.409000 0.866499
0.410000 0.867937
0.411000 0.869363
0.412000 0.870779
0.413000 0.872185
0.414000 0.873580
0.415000 0.874964
0.416000 0.876338
0.417000 0.877701
0.418000 0.879054
0.419000 0.880397
0.420000 0.881729
0.421000 0.883050
0.422000 0.884362
0.423000 0.885663
0.424000 0.886953
0.425000 0.888234
0.426000 0.889504
0.427000 0.890764
0.428000 0.892014
0.429000 0.893254
0.430000 0.894484
0.431000 0.895703
0.432000 0.896913
0.433000 0.898112
0.434000 0.899302
0.435000 0.900481
0.436000 0.901651
0.437000 0.902811
0.438000 0.903961
0.439000 0.905101
0.440000 0.906232
0.441000 0.907353
0.442000 0.908464
0.443000 0.909565
0.444000 0.910657
0.445000 0.911739
0.446000 0.912812
0.447000 0.913875
0.448000 0.914929
0.449000 0.915973
0.450000 0.917008
0.451000 0.918033
0.452000 0.919050
0.453000 0.920057
0.454000 0.921054
0.455000 0.922043
0.456000 0.923023
0.457000 0.923993
0.458000 0.924954
0.459000 0.925907
0.460000 0.926850
0.461000 0.927785
0.462000 0.928710
0.463000 0.929627
0.464000 0.930535
0.465000 0.931435
0.466000 0.932325
0.467000 0.933207
0.468000 0.934080
0.469000 0.934945
0.470000 0.935801
0.471000 0.936649
0.472000 0.937489
0.473000 0.938320
0.474000 0.939142
0.475000 0.939957
0.476000 0.940763
0.477000 0.941561
0.478000 0.942351
0.479000 0.943132
0.480000 0.943906
0.481000 0.944672
0.482000 0.945430
0.483000 0.946179
0.484000 0.946921
0.485000 0.947656
0.486000 0.948382
0.487000 0.949101
0.488000 0.949812
0.489000 0.950515
0.490000 0.951211
0.491000 0.951899
0.492000 0.952580
0.493000 0.953254
0.494000 0.953920
0.495000 0.954579
0.496000 0.955230
0.497000 0.955875
0.498000 0.956512
0.499000 0.957142
0.500000 0.957765
0.501000 0.958381
0.502000 0.958990
0.503000 0.959592
0.504000 0.960187
0.505000 0.960775
0.506000 0.961357
0.507000 0.961932
0.508000 0.962500
0.509000 0.963062
0.510000 0.963617
0.511000 0.964165
0.512000 0.964707
0.513000 0.965243
0.514000 0.965772
0.515000 0.966295
0.516000 0.966811
0.517000 0.967322
0.518000 0.967826
0.519000 0.968324
0.520000 0.968816
0.521000 0.969302
0.522000 0.969782
0.523000 0.970256
0.524000 0.970724
0.525000 0.971186
0.526000 0.971643
0.527000 0.972094
0.528000 0.972539
0.529000 0.972978
0.530000 0.973412
0.531000 0.973841
0.532000 0.974263
0.533000 0.974681
0.534000 0.975093
0.535000 0.975500
0.536000 0.975901
0.537000 0.976297
0.538000 0.976688
0.539000 0.977074
0.540000 0.977454
0.541000 0.977830
0.542000 0.978200
0.543000 0.978566
0.544000 0.978927
0.545000 0.979282
0.546000 0.979633
0.547000 0.979980
0.548000 0.980321
0.549000 0.980658
0.550000 0.980990
0.551000 0.981317
0.552000 0.981640
0.553000 0.981959
0.554000 0.982273
0.555000 0.982582
0.556000 0.982887
0.557000 0.983188
0.558000 0.983485
0.559000 0.983777
0.560000 0.984065
0.561000 0.984349
0.562000 0.984629
0.563000 0.984905
0.564000 0.985176
0.565000 0.985444
0.566000 0.985708
0.567000 0.985968
0.568000 0.986224
0.569000 0.986476
0.570000 0.986725
0.571000 0.986969
0.572000 0.987210
0.573000 0.987448
0.574000 0.987682
0.575000 0.987912
0.576000 0.988138
0.577000 0.988362
0.578000 0.988581
0.579000 0.988798
0.580000 0.989011
0.581000 0.989220
0.582000 0.989427
0.583000 0.989630
0.584000 0.989830
0.585000 0.990026
0.586000 0.990220
0.587000 0.990410
0.588000 0.990598
0.589000 0.990782
0.590000 0.990964
0.591000 0.991142
0.592000 0.991318
0.593000 0.991490
0.594000 0.991660
0.595000 0.991827
0.596000 0.991991
0.597000 0.992153
0.598000 0.992312
0.599000 0.992468
0.600000 0.992621
0.601000 0.992772
0.602000 0.992921
0.603000 0.993066
0.604000 0.993210
0.605000 0.993350
0.606000 0.993489
0.607000 0.993625
0.608000 0.993758
0.609000 0.993890
0.610000 0.994019
0.611000 0.994145
0.612000 0.994270
0.613000 0.994392
0.614000 0.994512
0.615000 0.994630
0.616000 0.994746
0.617000 0.994860
0.618000 0.994971
0.619000 0.995081
0.620000 0.995188
0.621000 0.995294
0.622000 0.995398
0.623000 0.995500
0.624000 0.995599
0.625000 0.995697
0.626000 0.995794
0.627000 0.995888
0.628000 0.995981
0.629000 0.996071
0.630000 0.996160
0.631000 0.996248
0.632000 0.996334
0.633000 0.996418
0.634000 0.996500
0.635000 0.996581
0.636000 0.996660
0.637000 0.996738
0.638000 0.996814
0.639000 0.996889
0.640000 0.996962
0.641000 0.997034
0.642000 0.997104
0.643000 0.997173
0.644000 0.997240
0.645000 0.997306
0.646000 0.997371
0.647000 0.997435
0.648000 0.997497
0.649000 0.997558
0.650000 0.997617
0.651000 0.997676
0.652000 0.997733
0.653000 0.997789
0.654000 0.997844
0.655000 0.997897
0.656000 0.997950
0.657000 0.998001
0.658000 0.998051
0.659000 0.998101
0.660000 0.998149
0.661000 0.998196
0.662000 0.998242
0.663000 0.998287
0.664000 0.998331
0.665000 0.998374
0.666000 0.998416
0.667000 0.998458
0.668000 0.998498
0.669000 0.998537
0.670000 0.998576
0.671000 0.998614
0.672000 0.998650
0.673000 0.998686
0.674000 0.998721
0.675000 0.998756
0.676000 0.998789
0.677000 0.998822
0.678000 0.998854
0.679000 0.998885
0.680000 0.998916
0.681000 0.998946
0.682000 0.998975
0.683000 0.999003
0.684000 0.999031
0.685000 0.999058
0.686000 0.999084
0.687000 0.999110
0.688000 0.999135
0.689000 0.999160
0.690000 0.999184
0.691000 0.999207
0.692000 0.999230
0.693000 0.999252
0.694000 0.999274
0.695000 0.999295
0.696000 0.999316
0.697000 0.999336
0.698000 0.999355
0.699000 0.999374
0.700000 0.999393
0.701000 0.999411
0.702000 0.999429
0.703000 0.999446
0.704000 0.999463
0.705000 0.999479
0.706000 0.999495
0.707000 0.999510
0.708000 0.999525
0.709000 0.999540
0.710000 0.999554
0.711000 0.999568
0.712000 0.999581
0.713000 0.999594
0.714000 0.999607
0.715000 0.999620
0.716000 0.999632
0.717000 0.999643
0.718000 0.999655
0.719000 0.999666
0.720000 0.999677
0.721000 0.999687
0.722000 0.999697
0.723000 0.999707
0.724000 0.999717
0.725000 0.999726
0.726000 0.999735
0.727000 0.999744
0.728000 0.999753
0.729000 0.999761
0.730000 0.999769
0.731000 0.999777
0.732000 0.999784
0.733000 0.999792
0.734000 0.999799
0.735000 0.999806
0.736000 0.999813
0.737000 0.999819
0.738000 0.999825
0.739000 0.999832
0.740000 0.999838
0.741000 0.999843
0.742000 0.999849
0.743000 0.999854
0.744000 0.999860
0.745000 0.999865
0.746000 0.999869
0.747000 0.999874
0.748000 0.999879
0.749000 0.999883
0.750000 0.999888
0.751000 0.999892
0.752000 0.999896
0.753000 0.999900
0.754000 0.999903
0.755000 0.999907
0.756000 0.999911
0.757000 0.999914
0.758000 0.999917
0.759000 0.999921
0.760000 0.999924
0.761000 0.999927
0.762000 0.999929
0.763000 0.999932
0.764000 0.999935
0.765000 0.999937
0.766000 0.999940
0.767000 0.999942
0.768000 0.999945
0.769000 0.999947
0.770000 0.999949
0.771000 0.999951
0.772000 0.999953
0.773000 0.999955
0.774000 0.999957
0.775000 0.999959
0.776000 0.999960
0.777000 0.999962
0.778000 0.999964
0.779000 0.999965
0.780000 0.999967
0.781000 0.999968
0.782000 0.999970
0.783000 0.999971
0.784000 0.999972
0.785000 0.999973
0.786000 0.999975
0.787000 0.999976
0.788000 0.999977
0.789000 0.999978
0.790000 0.999979
0.791000 0.999980
0.792000 0.999981
0.793000 0.999982
0.794000 0.999982
0.795000 0.999983
0.796000 0.999984
0.797000 0.999985
0.798000 0.999985
0.799000 0.999986
0.800000 0.999987
0.801000 0.999987
0.802000 0.999988
0.803000 0.999989
0.804000 0.999989
0.805000 0.999990
0.806000 0.999990
0.807000 0.999991
0.808000 0.999991
0.809000 0.999992
0.810000 0.999992
0.811000 0.999992
0.812000 0.999993
0.813000 0.999993
0.814000 0.999994
0.815000 0.999994
0.816000 0.999994
0.817000 0.999995
0.818000 0.999995
0.819000 0.999995
0.820000 0.999995
0.821000 0.999996
0.822000 0.999996
0.823000 0.999996
0.824000 0.999996
0.825000 0.999996
0.826000 0.999997
0.827000 0.999997
0.828000 0.999997
0.829000 0.999997
0.830000 0.999997
0.831000 0.999998
0.832000 0.999998
0.833000 0.999998
0.834000 0.999998
0.835000 0.999998
0.836000 0.999998
0.837000 0.999998
0.838000 0.999998
0.839000 0.999998
0.840000 0.999999
0.841000 0.999999
0.842000 0.999999
0.843000 0.999999
0.844000 0.999999
0.845000 0.999999
0.846000 0.999999
0.847000 0.999999
0.848000 0.999999
0.849000 0.999999
0.850000 0.999999
0.851000 0.999999
0.852000 0.999999
0.853000 0.999999
0.854000 0.999999
0.855000 0.999999
0.856000 1.000000
0.857000 1.000000
0.858000 1.000000
0.859000 1.000000
0.860000 1.000000
0.861000 1.000000
0.862000 1.000000
0.863000 1.000000
0.864000 1.000000
0.865000 1.000000
0.866000 1.000000
0.867000 1.000000
0.868000 1.000000
0.869000 1.000000
0.870000 1.000000
0.871000 1.000000
0.872000 1.000000
0.873000 1.000000
0.874000 1.000000
0.875000 1.000000
0.876000 1.000000
0.877000 1.000000
0.878000 1.000000
0.879000 1.000000
0.880000 1.000000
0.881000 1.000000
0.882000 1.000000
0.883000 1.000000
0.884000 1.000000
0.885000 1.000000
0.886000 1.000000
0.887000 1.000000
0.888000 1.000000
0.889000 1.000000
0.890000 1.000000
0.891000 1.000000
0.892000 1.000000
0.893000 1.000000
0.894000 1.000000
0.895000 1.000000
0.896000 1.000000
0.897000 1.000000
0.898000 1.000000
0.899000 1.000000
0.900000 1.000000
0.901000 1.000000
0.902000 1.000000
0.903000 1.000000
0.904000 1.000000
0.905000 1.000000
0.906000 1.000000
0.907000 1.000000
0.908000 1.000000
0.909000 1.000000
0.910000 1.000000
0.911000 1.000000
0.912000 1.000000
0.913000 1.000000
0.914000 1.000000
0.915000 1.000000
0.916000 1.000000
0.917000 1.000000
0.918000 1.000000
0.919000 1.000000
0.920000 1.000000
0.921000 1.000000
0.922000 1.000000
0.923000 1.000000
0.924000 1.000000
0.925000 1.000000
0.926000 1.000000
0.927000 1.000000
0.928000 1.000000
0.929000 1.000000
0.930000 1.000000
0.931000 1.000000
0.932000 1.000000
0.933000 1.000000
0.934000 1.000000
0.935000 1.000000
0.936000 1.000000
0.937000 1.000000
0.938000 1.000000
0.939000 1.000000
0.940000 1.000000
0.941000 1.000000
0.942000 1.000000
0.943000 1.000000
0.944000 1.000000
0.945000 1.000000
0.946000 1.000000
0.947000 1.000000
0.948000 1.000000
0.949000 1.000000
0.950000 1.000000
0.951000 1.000000
0.952000 1.000000
0.953000 1.000000
0.954000 1.000000
0.955000 1.000000
0.956000 1.000000
0.957000 1.000000
0.958000 1.000000
0.959000 1.000000
0.960000 1.000000
0.961000 1.000000
0.962000 1.000000
0.963000 1.000000
0.964000 1.000000
0.965000 1.000000
0.966000 1.000000
0.967000 1.000000
0.968000 1.000000
0.969000 1.000000
0.970000 1.000000
0.971000 1.000000
0.972000 1.000000
0.973000 1.000000
0.974000 1.000000
0.975000 1.000000
0.976000 1.000000
0.977000 1.000000
0.978000 1.000000
0.979000 1.000000
0.980000 1.000000
0.981000 1.000000
0.982000 1.000000
0.983000 1.000000
0.984000 1.000000
0.985000 1.000000
0.986000 1.000000
0.987000 1.000000
0.988000 1.000000
0.989000 1.000000
0.990000 1.000000
0.991000 1.000000
0.992000 1.000000
0.993000 1.000000
0.994000 1.000000
0.995000 1.000000
0.996000 1.000000
0.997000 1.000000
0.998000 1.000000
0.999000 1.000000
