0.000000 0.000000
0.001000 0.010945
0.002000 0.021781
0.003000 0.032509
0.004000 0.043130
0.005000 0.053645
0.006000 0.064055
0.007000 0.074361
0.008000 0.084563
0.009000 0.094663
0.010000 0.104662
0.011000 0.114560
0.012000 0.124358
0.013000 0.134058
0.014000 0.143660
0.015000 0.153166
0.016000 0.162575
0.017000 0.171889
0.018000 0.181108
0.019000 0.190235
0.020000 0.199269
0.021000 0.208211
0.022000 0.217062
0.023000 0.225823
0.024000 0.234495
0.025000 0.243079
0.026000 0.251575
0.027000 0.259984
0.028000 0.268307
0.029000 0.276545
0.030000 0.284699
0.031000 0.292769
0.032000 0.300756
0.033000 0.308661
0.034000 0.316484
0.035000 0.324228
0.036000 0.331891
0.037000 0.339475
0.038000 0.346981
0.039000 0.354409
0.040000 0.361761
0.041000 0.369036
0.042000 0.376236
0.043000 0.383361
0.044000 0.390411
0.045000 0.397389
0.046000 0.404294
0.047000 0.411127
0.048000 0.417888
0.049000 0.424579
0.050000 0.431200
0.051000 0.437751
0.052000 0.444234
0.053000 0.450649
0.054000 0.456997
0.055000 0.463277
0.056000 0.469492
0.057000 0.475641
0.058000 0.481725
0.059000 0.487745
0.060000 0.493702
0.061000 0.499595
0.062000 0.505426
0.063000 0.511195
0.064000 0.516903
0.065000 0.522550
0.066000 0.528137
0.067000 0.533665
0.068000 0.539134
0.069000 0.544544
0.070000 0.549896
0.071000 0.555192
0.072000 0.560430
0.073000 0.565613
0.074000 0.570740
0.075000 0.575811
0.076000 0.580829
0.077000 0.585792
0.078000 0.590702
0.079000 0.595558
0.080000 0.600363
0.081000 0.605115
0.082000 0.609816
0.083000 0.614466
0.084000 0.619066
0.085000 0.623615
0.086000 0.628115
0.087000 0.632567
0.088000 0.636969
0.089000 0.641324
0.090000 0.645631
0.091000 0.649891
0.092000 0.654105
0.093000 0.658272
0.094000 0.662394
0.095000 0.666470
0.096000 0.670502
0.097000 0.674489
0.098000 0.678433
0.099000 0.682333
0.100000 0.686189
0.101000 0.690004
0.102000 0.693776
0.103000 0.697506
0.104000 0.701195
0.105000 0.704843
0.106000 0.708450
0.107000 0.712018
0.108000 0.715545
0.109000 0.719033
0.110000 0.722483
0.111000 0.725893
0.112000 0.729266
0.113000 0.732601
0.114000 0.735898
0.115000 0.739159
0.116000 0.742383
0.117000 0.745570
0.118000 0.748722
0.119000 0.751838
0.120000 0.754919
0.121000 0.757965
0.122000 0.760977
0.123000 0.763955
0.124000 0.766898
0.125000 0.769809
0.126000 0.772686
0.127000 0.775531
0.128000 0.778343
0.129000 0.781123
0.130000 0.783872
0.131000 0.786589
0.132000 0.789275
0.133000 0.791930
0.134000 0.794554
0.135000 0.797149
0.136000 0.799714
0.137000 0.802249
0.138000 0.804755
0.139000 0.807232
0.140000 0.809681
0.141000 0.812101
0.142000 0.814493
0.143000 0.816858
0.144000 0.819195
0.145000 0.821505
0.146000 0.823788
0.147000 0.826044
0.148000 0.828274
0.149000 0.830478
0.150000 0.832657
0.151000 0.834810
0.152000 0.836937
0.153000 0.839040
0.154000 0.841118
0.155000 0.843172
0.156000 0.845201
0.157000 0.847207
0.158000 0.849189
0.159000 0.851148
0.160000 0.853083
0.161000 0.854995
0.162000 0.856885
0.163000 0.858753
0.164000 0.860598
0.165000 0.862421
0.166000 0.864223
0.167000 0.866003
0.168000 0.867762
0.169000 0.869500
0.170000 0.871217
0.171000 0.872913
0.172000 0.874590
0.173000 0.876246
0.174000 0.877882
0.175000 0.879498
0.176000 0.881095
0.177000 0.882673
0.178000 0.884232
0.179000 0.885771
0.180000 0.887293
0.181000 0.888795
0.182000 0.890280
0.183000 0.891746
0.184000 0.893195
0.185000 0.894626
0.186000 0.896039
0.187000 0.897436
0.188000 0.898815
0.189000 0.900177
0.190000 0.901523
0.191000 0.902852
0.192000 0.904165
0.193000 0.905461
0.194000 0.906742
0.195000 0.908007
0.196000 0.909256
0.197000 0.910490
0.198000 0.911709
0.199000 0.912912
0.200000 0.914101
0.201000 0.915274
0.202000 0.916434
0.203000 0.917578
0.204000 0.918709
0.205000 0.919825
0.206000 0.920927
0.207000 0.922016
0.208000 0.923091
0.209000 0.924152
0.210000 0.925201
0.211000 0.926236
0.212000 0.927257
0.213000 0.928266
0.214000 0.929263
0.215000 0.930246
0.216000 0.931218
0.217000 0.932177
0.218000 0.933123
0.219000 0.934058
0.220000 0.934981
0.221000 0.935892
0.222000 0.936791
0.223000 0.937679
0.224000 0.938556
0.225000 0.939421
0.226000 0.940276
0.227000 0.941119
0.228000 0.941952
0.229000 0.942773
0.230000 0.943585
0.231000 0.944385
0.232000 0.945176
0.233000 0.945956
0.234000 0.946726
0.235000 0.947486
0.236000 0.948236
0.237000 0.948977
0.238000 0.949707
0.239000 0.950429
0.240000 0.951140
0.241000 0.951843
0.242000 0.952536
0.243000 0.953221
0.244000 0.953896
0.245000 0.954562
0.246000 0.955220
0.247000 0.955869
0.248000 0.956509
0.249000 0.957141
0.250000 0.957765
0.251000 0.958380
0.252000 0.958987
0.253000 0.959586
0.254000 0.960178
0.255000 0.960761
0.256000 0.961336
0.257000 0.961904
0.258000 0.962464
0.259000 0.963017
0.260000 0.963562
0.261000 0.964100
0.262000 0.964631
0.263000 0.965155
0.264000 0.965671
0.265000 0.966181
0.266000 0.966684
0.267000 0.967180
0.268000 0.967669
0.269000 0.968151
0.270000 0.968627
0.271000 0.969097
0.272000 0.969560
0.273000 0.970017
0.274000 0.970467
0.275000 0.970912
0.276000 0.971350
0.277000 0.971782
0.278000 0.972209
0.279000 0.972629
0.280000 0.973044
0.281000 0.973453
0.282000 0.973856
0.283000 0.974254
0.284000 0.974646
0.285000 0.975033
0.286000 0.975414
0.287000 0.975791
0.288000 0.976161
0.289000 0.976527
0.290000 0.976888
0.291000 0.977243
0.292000 0.977594
0.293000 0.977940
0.294000 0.978280
0.295000 0.978616
0.296000 0.978948
0.297000 0.979274
0.298000 0.979596
0.299000 0.979914
0.300000 0.980227
0.301000 0.980535
0.302000 0.980839
0.303000 0.981139
0.304000 0.981435
0.305000 0.981726
0.306000 0.982013
0.307000 0.982296
0.308000 0.982575
0.309000 0.982850
0.310000 0.983121
0.311000 0.983388
0.312000 0.983652
0.313000 0.983911
0.314000 0.984167
0.315000 0.984419
0.316000 0.984667
0.317000 0.984912
0.318000 0.985153
0.319000 0.985391
0.320000 0.985625
0.321000 0.985856
0.322000 0.986084
0.323000 0.986308
0.324000 0.986529
0.325000 0.986746
0.326000 0.986961
0.327000 0.987172
0.328000 0.987380
0.329000 0.987585
0.330000 0.987787
0.331000 0.987986
0.332000 0.988182
0.333000 0.988375
0.334000 0.988566
0.335000 0.988753
0.336000 0.988938
0.337000 0.989120
0.338000 0.989299
0.339000 0.989475
0.340000 0.989649
0.341000 0.989820
0.342000 0.989989
0.343000 0.990155
0.344000 0.990319
0.345000 0.990480
0.346000 0.990638
0.347000 0.990795
0.348000 0.990948
0.349000 0.991100
0.350000 0.991249
0.351000 0.991396
0.352000 0.991541
0.353000 0.991683
0.354000 0.991824
0.355000 0.991962
0.356000 0.992098
0.357000 0.992232
0.358000 0.992364
0.359000 0.992493
0.360000 0.992621
0.361000 0.992747
0.362000 0.992871
0.363000 0.992993
0.364000 0.993113
0.365000 0.993231
0.366000 0.993348
0.367000 0.993462
0.368000 0.993575
0.369000 0.993686
0.370000 0.993795
0.371000 0.993902
0.372000 0.994008
0.373000 0.994112
0.374000 0.994215
0.375000 0.994316
0.376000 0.994415
0.377000 0.994513
0.378000 0.994609
0.379000 0.994703
0.380000 0.994796
0.381000 0.994888
0.382000 0.994978
0.383000 0.995067
0.384000 0.995154
0.385000 0.995240
0.386000 0.995324
0.387000 0.995407
0.388000 0.995489
0.389000 0.995569
0.390000 0.995649
0.391000 0.995726
0.392000 0.995803
0.393000 0.995878
0.394000 0.995952
0.395000 0.996025
0.396000 0.996097
0.397000 0.996167
0.398000 0.996237
0.399000 0.996305
0.400000 0.996372
0.401000 0.996438
0.402000 0.996503
0.403000 0.996567
0.404000 0.996629
0.405000 0.996691
0.406000 0.996752
0.407000 0.996811
0.408000 0.996870
0.409000 0.996928
0.410000 0.996984
0.411000 0.997040
0.412000 0.997095
0.413000 0.997149
0.414000 0.997202
0.415000 0.997254
0.416000 0.997305
0.417000 0.997355
0.418000 0.997405
0.419000 0.997454
0.420000 0.997501
0.421000 0.997548
0.422000 0.997594
0.423000 0.997640
0.424000 0.997684
0.425000 0.997728
0.426000 0.997771
0.427000 0.997814
0.428000 0.997855
0.429000 0.997896
0.430000 0.997936
0.431000 0.997976
0.432000 0.998015
0.433000 0.998053
0.434000 0.998090
0.435000 0.998127
0.436000 0.998163
0.437000 0.998199
0.438000 0.998234
0.439000 0.998268
0.440000 0.998301
0.441000 0.998335
0.442000 0.998367
0.443000 0.998399
0.444000 0.998430
0.445000 0.998461
0.446000 0.998491
0.447000 0.998521
0.448000 0.998550
0.449000 0.998579
0.450000 0.998607
0.451000 0.998634
0.452000 0.998662
0.453000 0.998688
0.454000 0.998714
0.455000 0.998740
0.456000 0.998765
0.457000 0.998790
0.458000 0.998814
0.459000 0.998838
0.460000 0.998862
0.461000 0.998884
0.462000 0.998907
0.463000 0.998929
0.464000 0.998951
0.465000 0.998972
0.466000 0.998993
0.467000 0.999014
0.468000 0.999034
0.469000 0.999054
0.470000 0.999073
0.471000 0.999092
0.472000 0.999111
0.473000 0.999129
0.474000 0.999147
0.475000 0.999165
0.476000 0.999182
0.477000 0.999199
0.478000 0.999216
0.479000 0.999232
0.480000 0.999248
0.481000 0.999264
0.482000 0.999280
0.483000 0.999295
0.484000 0.999310
0.485000 0.999324
0.486000 0.999338
0.487000 0.999352
0.488000 0.999366
0.489000 0.999380
0.490000 0.999393
0.491000 0.999406
0.492000 0.999419
0.493000 0.999431
0.494000 0.999443
0.495000 0.999455
0.496000 0.999467
0.497000 0.999479
0.498000 0.999490
0.499000 0.999501
0.500000 0.999512
0.501000 0.999522
0.502000 0.999533
0.503000 0.999543
0.504000 0.999553
0.505000 0.999563
0.506000 0.999572
0.507000 0.999582
0.508000 0.999591
0.509000 0.999600
0.510000 0.999609
0.511000 0.999618
0.512000 0.999626
0.513000 0.999635
0.514000 0.999643
0.515000 0.999651
0.516000 0.999659
0.517000 0.999666
0.518000 0.999674
0.519000 0.999681
0.520000 0.999688
0.521000 0.999695
0.522000 0.999702
0.523000 0.999709
0.524000 0.999716
0.525000 0.999722
0.526000 0.999729
0.527000 0.999735
0.528000 0.999741
0.529000 0.999747
0.530000 0.999753
0.531000 0.999759
0.532000 0.999764
0.533000 0.999770
0.534000 0.999775
0.535000 0.999780
0.536000 0.999785
0.537000 0.999790
0.538000 0.999795
0.539000 0.999800
0.540000 0.999805
0.541000 0.999809
0.542000 0.999814
0.543000 0.999818
0.544000 0.999823
0.545000 0.999827
0.546000 0.999831
0.547000 0.999835
0.548000 0.999839
0.549000 0.999843
0.550000 0.999847
0.551000 0.999850
0.552000 0.999854
0.553000 0.999858
0.554000 0.999861
0.555000 0.999864
0.556000 0.999868
0.557000 0.999871
0.558000 0.999874
0.559000 0.999877
0.560000 0.999880
0.561000 0.999883
0.562000 0.999886
0.563000 0.999889
0.564000 0.999892
0.565000 0.999894
0.566000 0.999897
0.567000 0.999900
0.568000 0.999902
0.569000 0.999905
0.570000 0.999907
0.571000 0.999909
0.572000 0.999912
0.573000 0.999914
0.574000 0.999916
0.575000 0.999918
0.576000 0.999920
0.577000 0.999922
0.578000 0.999924
0.579000 0.999926
0.580000 0.999928
0.581000 0.999930
0.582000 0.999932
0.583000 0.999934
0.584000 0.999935
0.585000 0.999937
0.586000 0.999939
0.587000 0.999940
0.588000 0.999942
0.589000 0.999943
0.590000 0.999945
0.591000 0.999946
0.592000 0.999948
0.593000 0.999949
0.594000 0.999951
0.595000 0.999952
0.596000 0.999953
0.597000 0.999954
0.598000 0.999956
0.599000 0.999957
0.600000 0.999958
0.601000 0.999959
0.602000 0.999960
0.603000 0.999961
0.604000 0.999962
0.605000 0.999963
0.606000 0.999964
0.607000 0.999965
0.608000 0.999966
0.609000 0.999967
0.610000 0.999968
0.611000 0.999969
0.612000 0.999970
0.613000 0.999971
0.614000 0.999972
0.615000 0.999972
0.616000 0.999973
0.617000 0.999974
0.618000 0.999975
0.619000 0.999975
0.620000 0.999976
0.621000 0.999977
0.622000 0.999977
0.623000 0.999978
0.624000 0.999979
0.625000 0.999979
0.626000 0.999980
0.627000 0.999981
0.628000 0.999981
0.629000 0.999982
0.630000 0.999982
0.631000 0.999983
0.632000 0.999983
0.633000 0.999984
0.634000 0.999984
0.635000 0.999985
0.636000 0.999985
0.637000 0.999986
0.638000 0.999986
0.639000 0.999986
0.640000 0.999987
0.641000 0.999987
0.642000 0.999988
0.643000 0.999988
0.644000 0.999988
0.645000 0.999989
0.646000 0.999989
0.647000 0.999989
0.648000 0.999990
0.649000 0.999990
0.650000 0.999990
0.651000 0.999991
0.652000 0.999991
0.653000 0.999991
0.654000 0.999991
0.655000 0.999992
0.656000 0.999992
0.657000 0.999992
0.658000 0.999993
0.659000 0.999993
0.660000 0.999993
0.661000 0.999993
0.662000 0.999993
0.663000 0.999994
0.664000 0.999994
0.665000 0.999994
0.666000 0.999994
0.667000 0.999994
0.668000 0.999995
0.669000 0.999995
0.670000 0.999995
0.671000 0.999995
0.672000 0.999995
0.673000 0.999995
0.674000 0.999996
0.675000 0.999996
0.676000 0.999996
0.677000 0.999996
0.678000 0.999996
0.679000 0.999996
0.680000 0.999996
0.681000 0.999997
0.682000 0.999997
0.683000 0.999997
0.684000 0.999997
0.685000 0.999997
0.686000 0.999997
0.687000 0.999997
0.688000 0.999997
0.689000 0.999997
0.690000 0.999997
0.691000 0.999998
0.692000 0.999998
0.693000 0.999998
0.694000 0.999998
0.695000 0.999998
0.696000 0.999998
0.697000 0.999998
0.698000 0.999998
0.699000 0.999998
0.700000 0.999998
0.701000 0.999998
0.702000 0.999998
0.703000 0.999998
0.704000 0.999998
0.705000 0.999999
0.706000 0.999999
0.707000 0.999999
0.708000 0.999999
0.709000 0.999999
0.710000 0.999999
0.711000 0.999999
0.712000 0.999999
0.713000 0.999999
0.714000 0.999999
0.715000 0.999999
0.716000 0.999999
0.717000 0.999999
0.718000 0.999999
0.719000 0.999999
0.720000 0.999999
0.721000 0.999999
0.722000 0.999999
0.723000 0.999999
0.724000 0.999999
0.725000 0.999999
0.726000 0.999999
0.727000 0.999999
0.728000 0.999999
0.729000 0.999999
0.730000 0.999999
0.731000 0.999999
0.732000 0.999999
0.733000 1.000000
0.734000 1.000000
0.735000 1.000000
0.736000 1.000000
0.737000 1.000000
0.738000 1.000000
0.739000 1.000000
0.740000 1.000000
0.741000 1.000000
0.742000 1.000000
0.743000 1.000000
0.744000 1.000000
0.745000 1.000000
0.746000 1.000000
0.747000 1.000000
0.748000 1.000000
0.749000 1.000000
0.750000 1.000000
0.751000 1.000000
0.752000 1.000000
0.753000 1.000000
0.754000 1.000000
0.755000 1.000000
0.756000 1.000000
0.757000 1.000000
0.758000 1.000000
0.759000 1.000000
0.760000 1.000000
0.761000 1.000000
0.762000 1.000000
0.763000 1.000000
0.764000 1.000000
0.765000 1.000000
0.766000 1.000000
0.767000 1.000000
0.768000 1.000000
0.769000 1.000000
0.770000 1.000000
0.771000 1.000000
0.772000 1.000000
0.773000 1.000000
0.774000 1.000000
0.775000 1.000000
0.776000 1.000000
0.777000 1.000000
0.778000 1.000000
0.779000 1.000000
0.780000 1.000000
0.781000 1.000000
0.782000 1.000000
0.783000 1.000000
0.784000 1.000000
0.785000 1.000000
0.786000 1.000000
0.787000 1.000000
0.788000 1.000000
0.789000 1.000000
0.790000 1.000000
0.791000 1.000000
0.792000 1.000000
0.793000 1.000000
0.794000 1.000000
0.795000 1.000000
0.796000 1.000000
0.797000 1.000000
0.798000 1.000000
0.799000 1.000000
0.800000 1.000000
0.801000 1.000000
0.802000 1.000000
0.803000 1.000000
0.804000 1.000000
0.805000 1.000000
0.806000 1.000000
0.807000 1.000000
0.808000 1.000000
0.809000 1.000000
0.810000 1.000000
0.811000 1.000000
0.812000 1.000000
0.813000 1.000000
0.814000 1.000000
0.815000 1.000000
0.816000 1.000000
0.817000 1.000000
0.818000 1.000000
0.819000 1.000000
0.820000 1.000000
0.821000 1.000000
0.822000 1.000000
0.823000 1.000000
0.824000 1.000000
0.825000 1.000000
0.826000 1.000000
0.827000 1.000000
0.828000 1.000000
0.829000 1.000000
0.830000 1.000000
0.831000 1.000000
0.832000 1.000000
0.833000 1.000000
0.834000 1.000000
0.835000 1.000000
0.836000 1.000000
0.837000 1.000000
0.838000 1.000000
0.839000 1.000000
0.840000 1.000000
0.841000 1.000000
0.842000 1.000000
0.843000 1.000000
0.844000 1.000000
0.845000 1.000000
0.846000 1.000000
0.847000 1.000000
0.848000 1.000000
0.849000 1.000000
0.850000 1.000000
0.851000 1.000000
0.852000 1.000000
0.853000 1.000000
0.854000 1.000000
0.855000 1.000000
0.856000 1.000000
0.857000 1.000000
0.858000 1.000000
0.859000 1.000000
0.860000 1.000000
0.861000 1.000000
0.862000 1.000000
0.863000 1.000000
0.864000 1.000000
0.865000 1.000000
0.866000 1.000000
0.867000 1.000000
0.868000 1.000000
0.869000 1.000000
0.870000 1.000000
0.871000 1.000000
0.872000 1.000000
0.873000 1.000000
0.874000 1.000000
0.875000 1.000000
0.876000 1.000000
0.877000 1.000000
0.878000 1.000000
0.879000 1.000000
0.880000 1.000000
0.881000 1.000000
0.882000 1.000000
0.883000 1.000000
0.884000 1.000000
0.885000 1.000000
0.886000 1.000000
0.887000 1.000000
0.888000 1.000000
0.889000 1.000000
0.890000 1.000000
0.891000 1.000000
0.892000 1.000000
0.893000 1.000000
0.894000 1.000000
0.895000 1.000000
0.896000 1.000000
0.897000 1.000000
0.898000 1.000000
0.899000 1.000000
0.900000 1.000000
0.901000 1.000000
0.902000 1.000000
0.903000 1.000000
0.904000 1.000000
0.905000 1.000000
0.906000 1.000000
0.907000 1.000000
0.908000 1.000000
0.909000 1.000000
0.910000 1.000000
0.911000 1.000000
0.912000 1.000000
0.913000 1.000000
0.914000 1.000000
0.915000 1.000000
0.916000 1.000000
0.917000 1.000000
0.918000 1.000000
0.919000 1.000000
0.920000 1.000000
0.921000 1.000000
0.922000 1.000000
0.923000 1.000000
0.924000 1.000000
0.925000 1.000000
0.926000 1.000000
0.927000 1.000000
0.928000 1.000000
0.929000 1.000000
0.930000 1.000000
0.931000 1.000000
0.932000 1.000000
0.933000 1.000000
0.934000 1.000000
0.935000 1.000000
0.936000 1.000000
0.937000 1.000000
0.938000 1.000000
0.939000 1.000000
0.940000 1.000000
0.941000 1.000000
0.942000 1.000000
0.943000 1.000000
0.944000 1.000000
0.945000 1.000000
0.946000 1.000000
0.947000 1.000000
0.948000 1.000000
0.949000 1.000000
0.950000 1.000000
0.951000 1.000000
0.952000 1.000000
0.953000 1.000000
0.954000 1.000000
0.955000 1.000000
0.956000 1.000000
0.957000 1.000000
0.958000 1.000000
0.959000 1.000000
0.960000 1.000000
0.961000 1.000000
0.962000 1.000000
0.963000 1.000000
0.964000 1.000000
0.965000 1.000000
0.966000 1.000000
0.967000 1.000000
0.968000 1.000000
0.969000 1.000000
0.970000 1.000000
0.971000 1.000000
0.972000 1.000000
0.973000 1.000000
0.974000 1.000000
0.975000 1.000000
0.976000 1.000000
0.977000 1.000000
0.978000 1.000000
0.979000 1.000000
0.980000 1.000000
0.981000 1.000000
0.982000 1.000000
0.983000 1.000000
0.984000 1.000000
0.985000 1.000000
0.986000 1.000000
0.987000 1.000000
0.988000 1.000000
0.989000 1.000000
0.990000 1.000000
0.991000 1.000000
0.992000 1.000000
0.993000 1.000000
0.994000 1.000000
0.995000 1.000000
0.996000 1.000000
0.997000 1.000000
0.998000 1.000000
0.999000 1.000000
