0.000000 0.000000
0.001000 0.000051
0.002000 0.000204
0.003000 0.000459
0.004000 0.000816
0.005000 0.001274
0.006000 0.001834
0.007000 0.002496
0.008000 0.003259
0.009000 0.004123
0.010000 0.005087
0.011000 0.006152
0.012000 0.007318
0.013000 0.008583
0.014000 0.009947
0.015000 0.011411
0.016000 0.012973
0.017000 0.014633
0.018000 0.016391
0.019000 0.018246
0.020000 0.020197
0.021000 0.022245
0.022000 0.024388
0.023000 0.026625
0.024000 0.028957
0.025000 0.031382
0.026000 0.033900
0.027000 0.036509
0.028000 0.039210
0.029000 0.042001
0.030000 0.044882
0.031000 0.047852
0.032000 0.050909
0.033000 0.054053
0.034000 0.057284
0.035000 0.060599
0.036000 0.063999
0.037000 0.067482
0.038000 0.071047
0.039000 0.074693
0.040000 0.078420
0.041000 0.082225
0.042000 0.086109
0.043000 0.090069
0.044000 0.094105
0.045000 0.098216
0.046000 0.102400
0.047000 0.106656
0.048000 0.110984
0.049000 0.115381
0.050000 0.119847
0.051000 0.124381
0.052000 0.128980
0.053000 0.133645
0.054000 0.138373
0.055000 0.143164
0.056000 0.148016
0.057000 0.152927
0.058000 0.157897
0.059000 0.162924
0.060000 0.168007
0.061000 0.173144
0.062000 0.178334
0.063000 0.183576
0.064000 0.188868
0.065000 0.194209
0.066000 0.199598
0.067000 0.205033
0.068000 0.210512
0.069000 0.216035
0.070000 0.221600
0.071000 0.227205
0.072000 0.232849
0.073000 0.238531
0.074000 0.244249
0.075000 0.250002
0.076000 0.255789
0.077000 0.261607
0.078000 0.267456
0.079000 0.273334
0.080000 0.279240
0.081000 0.285172
0.082000 0.291129
0.083000 0.297110
0.084000 0.303113
0.085000 0.309136
0.086000 0.315179
0.087000 0.321240
0.088000 0.327317
0.089000 0.333410
0.090000 0.339516
0.091000 0.345635
0.092000 0.351764
0.093000 0.357904
0.094000 0.364052
0.095000 0.370207
0.096000 0.376368
0.097000 0.382534
0.098000 0.388702
0.099000 0.394873
0.100000 0.401044
0.101000 0.407215
0.102000 0.413383
0.103000 0.419549
0.104000 0.425710
0.105000 0.431866
0.106000 0.438015
0.107000 0.444156
0.108000 0.450288
0.109000 0.456410
0.110000 0.462520
0.111000 0.468618
0.112000 0.474702
0.113000 0.480772
0.114000 0.486826
0.115000 0.492863
0.116000 0.498883
0.117000 0.504883
0.118000 0.510864
0.119000 0.516824
0.120000 0.522762
0.121000 0.528677
0.122000 0.534568
0.123000 0.540435
0.124000 0.546276
0.125000 0.552091
0.126000 0.557879
0.127000 0.563639
0.128000 0.569369
0.129000 0.575070
0.130000 0.580741
0.131000 0.586380
0.132000 0.591987
0.133000 0.597562
0.134000 0.603103
0.135000 0.608609
0.136000 0.614081
0.137000 0.619518
0.138000 0.624918
0.139000 0.630282
0.140000 0.635608
0.141000 0.640897
0.142000 0.646147
0.143000 0.651358
0.144000 0.656530
0.145000 0.661661
0.146000 0.666752
0.147000 0.671803
0.148000 0.676812
0.149000 0.681779
0.150000 0.686704
0.151000 0.691586
0.152000 0.696426
0.153000 0.701222
0.154000 0.705975
0.155000 0.710683
0.156000 0.715348
0.157000 0.719968
0.158000 0.724543
0.159000 0.729074
0.160000 0.733559
0.161000 0.737999
0.162000 0.742393
0.163000 0.746742
0.164000 0.751044
0.165000 0.755301
0.166000 0.759511
0.167000 0.763676
0.168000 0.767793
0.169000 0.771865
0.170000 0.775890
0.171000 0.779868
0.172000 0.783800
0.173000 0.787686
0.174000 0.791524
0.175000 0.795317
0.176000 0.799062
0.177000 0.802762
0.178000 0.806415
0.179000 0.810021
0.180000 0.813582
0.181000 0.817096
0.182000 0.820564
0.183000 0.823986
0.184000 0.827363
0.185000 0.830693
0.186000 0.833979
0.187000 0.837219
0.188000 0.840414
0.189000 0.843563
0.190000 0.846669
0.191000 0.849729
0.192000 0.852746
0.193000 0.855718
0.194000 0.858646
0.195000 0.861531
0.196000 0.864372
0.197000 0.867171
0.198000 0.869926
0.199000 0.872639
0.200000 0.875310
0.201000 0.877938
0.202000 0.880525
0.203000 0.883071
0.204000 0.885576
0.205000 0.888040
0.206000 0.890464
0.207000 0.892847
0.208000 0.895191
0.209000 0.897496
0.210000 0.899761
0.211000 0.901988
0.212000 0.904177
0.213000 0.906327
0.214000 0.908441
0.215000 0.910517
0.216000 0.912556
0.217000 0.914558
0.218000 0.916525
0.219000 0.918456
0.220000 0.920352
0.221000 0.922213
0.222000 0.924039
0.223000 0.925831
0.224000 0.927590
0.225000 0.929315
0.226000 0.931007
0.227000 0.932667
0.228000 0.934295
0.229000 0.935891
0.230000 0.937456
0.231000 0.938990
0.232000 0.940493
0.233000 0.941966
0.234000 0.943410
0.235000 0.944824
0.236000 0.946210
0.237000 0.947567
0.238000 0.948896
0.239000 0.950197
0.240000 0.951471
0.241000 0.952718
0.242000 0.953939
0.243000 0.955134
0.244000 0.956303
0.245000 0.957447
0.246000 0.958566
0.247000 0.959660
0.248000 0.960731
0.249000 0.961777
0.250000 0.962801
0.251000 0.963801
0.252000 0.964779
0.253000 0.965735
0.254000 0.966669
0.255000 0.967581
0.256000 0.968472
0.257000 0.969343
0.258000 0.970193
0.259000 0.971024
0.260000 0.971835
0.261000 0.972626
0.262000 0.973399
0.263000 0.974153
0.264000 0.974889
0.265000 0.975607
0.266000 0.976307
0.267000 0.976990
0.268000 0.977657
0.269000 0.978307
0.270000 0.978940
0.271000 0.979558
0.272000 0.980160
0.273000 0.980747
0.274000 0.981319
0.275000 0.981876
0.276000 0.982419
0.277000 0.982947
0.278000 0.983462
0.279000 0.983964
0.280000 0.984452
0.281000 0.984928
0.282000 0.985390
0.283000 0.985841
0.284000 0.986279
0.285000 0.986706
0.286000 0.987121
0.287000 0.987524
0.288000 0.987917
0.289000 0.988298
0.290000 0.988669
0.291000 0.989030
0.292000 0.989381
0.293000 0.989722
0.294000 0.990053
0.295000 0.990375
0.296000 0.990688
0.297000 0.990991
0.298000 0.991286
0.299000 0.991573
0.300000 0.991851
0.301000 0.992121
0.302000 0.992383
0.303000 0.992637
0.304000 0.992884
0.305000 0.993124
0.306000 0.993356
0.307000 0.993581
0.308000 0.993800
0.309000 0.994012
0.310000 0.994217
0.311000 0.994416
0.312000 0.994609
0.313000 0.994797
0.314000 0.994978
0.315000 0.995153
0.316000 0.995324
0.317000 0.995488
0.318000 0.995648
0.319000 0.995803
0.320000 0.995952
0.321000 0.996097
0.322000 0.996237
0.323000 0.996373
0.324000 0.996504
0.325000 0.996631
0.326000 0.996754
0.327000 0.996873
0.328000 0.996987
0.329000 0.997099
0.330000 0.997206
0.331000 0.997310
0.332000 0.997410
0.333000 0.997507
0.334000 0.997600
0.335000 0.997691
0.336000 0.997778
0.337000 0.997863
0.338000 0.997944
0.339000 0.998023
0.340000 0.998099
0.341000 0.998172
0.342000 0.998242
0.343000 0.998311
0.344000 0.998376
0.345000 0.998440
0.346000 0.998501
0.347000 0.998560
0.348000 0.998617
0.349000 0.998672
0.350000 0.998725
0.351000 0.998776
0.352000 0.998825
0.353000 0.998872
0.354000 0.998918
0.355000 0.998961
0.356000 0.999004
0.357000 0.999044
0.358000 0.999083
0.359000 0.999121
0.360000 0.999157
0.361000 0.999192
0.362000 0.999226
0.363000 0.999258
0.364000 0.999289
0.365000 0.999319
0.366000 0.999348
0.367000 0.999375
0.368000 0.999402
0.369000 0.999427
0.370000 0.999452
0.371000 0.999475
0.372000 0.999498
0.373000 0.999519
0.374000 0.999540
0.375000 0.999560
0.376000 0.999579
0.377000 0.999598
0.378000 0.999615
0.379000 0.999632
0.380000 0.999649
0.381000 0.999664
0.382000 0.999679
0.383000 0.999693
0.384000 0.999707
0.385000 0.999720
0.386000 0.999733
0.387000 0.999745
0.388000 0.999757
0.389000 0.999768
0.390000 0.999778
0.391000 0.999789
0.392000 0.999798
0.393000 0.999808
0.394000 0.999817
0.395000 0.999825
0.396000 0.999833
0.397000 0.999841
0.398000 0.999849
0.399000 0.999856
0.400000 0.999863
0.401000 0.999869
0.402000 0.999875
0.403000 0.999881
0.404000 0.999887
0.405000 0.999892
0.406000 0.999898
0.407000 0.999903
0.408000 0.999907
0.409000 0.999912
0.410000 0.999916
0.411000 0.999920
0.412000 0.999924
0.413000 0.999928
0.414000 0.999931
0.415000 0.999935
0.416000 0.999938
0.417000 0.999941
0.418000 0.999944
0.419000 0.999947
0.420000 0.999950
0.421000 0.999952
0.422000 0.999955
0.423000 0.999957
0.424000 0.999959
0.425000 0.999961
0.426000 0.999963
0.427000 0.999965
0.428000 0.999967
0.429000 0.999969
0.430000 0.999970
0.431000 0.999972
0.432000 0.999973
0.433000 0.999975
0.434000 0.999976
0.435000 0.999977
0.436000 0.999979
0.437000 0.999980
0.438000 0.999981
0.439000 0.999982
0.440000 0.999983
0.441000 0.999984
0.442000 0.999985
0.443000 0.999986
0.444000 0.999986
0.445000 0.999987
0.446000 0.999988
0.447000 0.999988
0.448000 0.999989
0.449000 0.999990
0.450000 0.999990
0.451000 0.999991
0.452000 0.999991
0.453000 0.999992
0.454000 0.999992
0.455000 0.999993
0.456000 0.999993
0.457000 0.999994
0.458000 0.999994
0.459000 0.999994
0.460000 0.999995
0.461000 0.999995
0.462000 0.999995
0.463000 0.999995
0.464000 0.999996
0.465000 0.999996
0.466000 0.999996
0.467000 0.999996
0.468000 0.999997
0.469000 0.999997
0.470000 0.999997
0.471000 0.999997
0.472000 0.999997
0.473000 0.999998
0.474000 0.999998
0.475000 0.999998
0.476000 0.999998
0.477000 0.999998
0.478000 0.999998
0.479000 0.999998
0.480000 0.999998
0.481000 0.999999
0.482000 0.999999
0.483000 0.999999
0.484000 0.999999
0.485000 0.999999
0.486000 0.999999
0.487000 0.999999
0.488000 0.999999
0.489000 0.999999
0.490000 0.999999
0.491000 0.999999
0.492000 0.999999
0.493000 0.999999
0.494000 0.999999
0.495000 0.999999
0.496000 0.999999
0.497000 0.999999
0.498000 1.000000
0.499000 1.000000
0.500000 1.000000
0.501000 1.000000
0.502000 1.000000
0.503000 1.000000
0.504000 1.000000
0.505000 1.000000
0.506000 1.000000
0.507000 1.000000
0.508000 1.000000
0.509000 1.000000
0.510000 1.000000
0.511000 1.000000
0.512000 1.000000
0.513000 1.000000
0.514000 1.000000
0.515000 1.000000
0.516000 1.000000
0.517000 1.000000
0.518000 1.000000
0.519000 1.000000
0.520000 1.000000
0.521000 1.000000
0.522000 1.000000
0.523000 1.000000
0.524000 1.000000
0.525000 1.000000
0.526000 1.000000
0.527000 1.000000
0.528000 1.000000
0.529000 1.000000
0.530000 1.000000
0.531000 1.000000
0.532000 1.000000
0.533000 1.000000
0.534000 1.000000
0.535000 1.000000
0.536000 1.000000
0.537000 1.000000
0.538000 1.000000
0.539000 1.000000
0.540000 1.000000
0.541000 1.000000
0.542000 1.000000
0.543000 1.000000
0.544000 1.000000
0.545000 1.000000
0.546000 1.000000
0.547000 1.000000
0.548000 1.000000
0.549000 1.000000
0.550000 1.000000
0.551000 1.000000
0.552000 1.000000
0.553000 1.000000
0.554000 1.000000
0.555000 1.000000
0.556000 1.000000
0.557000 1.000000
0.558000 1.000000
0.559000 1.000000
0.560000 1.000000
0.561000 1.000000
0.562000 1.000000
0.563000 1.000000
0.564000 1.000000
0.565000 1.000000
0.566000 1.000000
0.567000 1.000000
0.568000 1.000000
0.569000 1.000000
0.570000 1.000000
0.571000 1.000000
0.572000 1.000000
0.573000 1.000000
0.574000 1.000000
0.575000 1.000000
0.576000 1.000000
0.577000 1.000000
0.578000 1.000000
0.579000 1.000000
0.580000 1.000000
0.581000 1.000000
0.582000 1.000000
0.583000 1.000000
0.584000 1.000000
0.585000 1.000000
0.586000 1.000000
0.587000 1.000000
0.588000 1.000000
0.589000 1.000000
0.590000 1.000000
0.591000 1.000000
0.592000 1.000000
0.593000 1.000000
0.594000 1.000000
0.595000 1.000000
0.596000 1.000000
0.597000 1.000000
0.598000 1.000000
0.599000 1.000000
0.600000 1.000000
0.601000 1.000000
0.602000 1.000000
0.603000 1.000000
0.604000 1.000000
0.605000 1.000000
0.606000 1.000000
0.607000 1.000000
0.608000 1.000000
0.609000 1.000000
0.610000 1.000000
0.611000 1.000000
0.612000 1.000000
0.613000 1.000000
0.614000 1.000000
0.615000 1.000000
0.616000 1.000000
0.617000 1.000000
0.618000 1.000000
0.619000 1.000000
0.620000 1.000000
0.621000 1.000000
0.622000 1.000000
0.623000 1.000000
0.624000 1.000000
0.625000 1.000000
0.626000 1.000000
0.627000 1.000000
0.628000 1.000000
0.629000 1.000000
0.630000 1.000000
0.631000 1.000000
0.632000 1.000000
0.633000 1.000000
0.634000 1.000000
0.635000 1.000000
0.636000 1.000000
0.637000 1.000000
0.638000 1.000000
0.639000 1.000000
0.640000 1.000000
0.641000 1.000000
0.642000 1.000000
0.643000 1.000000
0.644000 1.000000
0.645000 1.000000
0.646000 1.000000
0.647000 1.000000
0.648000 1.000000
0.649000 1.000000
0.650000 1.000000
0.651000 1.000000
0.652000 1.000000
0.653000 1.000000
0.654000 1.000000
0.655000 1.000000
0.656000 1.000000
0.657000 1.000000
0.658000 1.000000
0.659000 1.000000
0.660000 1.000000
0.661000 1.000000
0.662000 1.000000
0.663000 1.000000
0.664000 1.000000
0.665000 1.000000
0.666000 1.000000
0.667000 1.000000
0.668000 1.000000
0.669000 1.000000
0.670000 1.000000
0.671000 1.000000
0.672000 1.000000
0.673000 1.000000
0.674000 1.000000
0.675000 1.000000
0.676000 1.000000
0.677000 1.000000
0.678000 1.000000
0.679000 1.000000
0.680000 1.000000
0.681000 1.000000
0.682000 1.000000
0.683000 1.000000
0.684000 1.000000
0.685000 1.000000
0.686000 1.000000
0.687000 1.000000
0.688000 1.000000
0.689000 1.000000
0.690000 1.000000
0.691000 1.000000
0.692000 1.000000
0.693000 1.000000
0.694000 1.000000
0.695000 1.000000
0.696000 1.000000
0.697000 1.000000
0.698000 1.000000
0.699000 1.000000
0.700000 1.000000
0.701000 1.000000
0.702000 1.000000
0.703000 1.000000
0.704000 1.000000
0.705000 1.000000
0.706000 1.000000
0.707000 1.000000
0.708000 1.000000
0.709000 1.000000
0.710000 1.000000
0.711000 1.000000
0.712000 1.000000
0.713000 1.000000
0.714000 1.000000
0.715000 1.000000
0.716000 1.000000
0.717000 1.000000
0.718000 1.000000
0.719000 1.000000
0.720000 1.000000
0.721000 1.000000
0.722000 1.000000
0.723000 1.000000
0.724000 1.000000
0.725000 1.000000
0.726000 1.000000
0.727000 1.000000
0.728000 1.000000
0.729000 1.000000
0.730000 1.000000
0.731000 1.000000
0.732000 1.000000
0.733000 1.000000
0.734000 1.000000
0.735000 1.000000
0.736000 1.000000
0.737000 1.000000
0.738000 1.000000
0.739000 1.000000
0.740000 1.000000
0.741000 1.000000
0.742000 1.000000
0.743000 1.000000
0.744000 1.000000
0.745000 1.000000
0.746000 1.000000
0.747000 1.000000
0.748000 1.000000
0.749000 1.000000
0.750000 1.000000
0.751000 1.000000
0.752000 1.000000
0.753000 1.000000
0.754000 1.000000
0.755000 1.000000
0.756000 1.000000
0.757000 1.000000
0.758000 1.000000
0.759000 1.000000
0.760000 1.000000
0.761000 1.000000
0.762000 1.000000
0.763000 1.000000
0.764000 1.000000
0.765000 1.000000
0.766000 1.000000
0.767000 1.000000
0.768000 1.000000
0.769000 1.000000
0.770000 1.000000
0.771000 1.000000
0.772000 1.000000
0.773000 1.000000
0.774000 1.000000
0.775000 1.000000
0.776000 1.000000
0.777000 1.000000
0.778000 1.000000
0.779000 1.000000
0.780000 1.000000
0.781000 1.000000
0.782000 1.000000
0.783000 1.000000
0.784000 1.000000
0.785000 1.000000
0.786000 1.000000
0.787000 1.000000
0.788000 1.000000
0.789000 1.000000
0.790000 1.000000
0.791000 1.000000
0.792000 1.000000
0.793000 1.000000
0.794000 1.000000
0.795000 1.000000
0.796000 1.000000
0.797000 1.000000
0.798000 1.000000
0.799000 1.000000
0.800000 1.000000
0.801000 1.000000
0.802000 1.000000
0.803000 1.000000
0.804000 1.000000
0.805000 1.000000
0.806000 1.000000
0.807000 1.000000
0.808000 1.000000
0.809000 1.000000
0.810000 1.000000
0.811000 1.000000
0.812000 1.000000
0.813000 1.000000
0.814000 1.000000
0.815000 1.000000
0.816000 1.000000
0.817000 1.000000
0.818000 1.000000
0.819000 1.000000
0.820000 1.000000
0.821000 1.000000
0.822000 1.000000
0.823000 1.000000
0.824000 1.000000
0.825000 1.000000
0.826000 1.000000
0.827000 1.000000
0.828000 1.000000
0.829000 1.000000
0.830000 1.000000
0.831000 1.000000
0.832000 1.000000
0.833000 1.000000
0.834000 1.000000
0.835000 1.000000
0.836000 1.000000
0.837000 1.000000
0.838000 1.000000
0.839000 1.000000
0.840000 1.000000
0.841000 1.000000
0.842000 1.000000
0.843000 1.000000
0.844000 1.000000
0.845000 1.000000
0.846000 1.000000
0.847000 1.000000
0.848000 1.000000
0.849000 1.000000
0.850000 1.000000
0.851000 1.000000
0.852000 1.000000
0.853000 1.000000
0.854000 1.000000
0.855000 1.000000
0.856000 1.000000
0.857000 1.000000
0.858000 1.000000
0.859000 1.000000
0.860000 1.000000
0.861000 1.000000
0.862000 1.000000
0.863000 1.000000
0.864000 1.000000
0.865000 1.000000
0.866000 1.000000
0.867000 1.000000
0.868000 1.000000
0.869000 1.000000
0.870000 1.000000
0.871000 1.000000
0.872000 1.000000
0.873000 1.000000
0.874000 1.000000
0.875000 1.000000
0.876000 1.000000
0.877000 1.000000
0.878000 1.000000
0.879000 1.000000
0.880000 1.000000
0.881000 1.000000
0.882000 1.000000
0.883000 1.000000
0.884000 1.000000
0.885000 1.000000
0.886000 1.000000
0.887000 1.000000
0.888000 1.000000
0.889000 1.000000
0.890000 1.000000
0.891000 1.000000
0.892000 1.000000
0.893000 1.000000
0.894000 1.000000
0.895000 1.000000
0.896000 1.000000
0.897000 1.000000
0.898000 1.000000
0.899000 1.000000
0.900000 1.000000
0.901000 1.000000
0.902000 1.000000
0.903000 1.000000
0.904000 1.000000
0.905000 1.000000
0.906000 1.000000
0.907000 1.000000
0.908000 1.000000
0.909000 1.000000
0.910000 1.000000
0.911000 1.000000
0.912000 1.000000
0.913000 1.000000
0.914000 1.000000
0.915000 1.000000
0.916000 1.000000
0.917000 1.000000
0.918000 1.000000
0.919000 1.000000
0.920000 1.000000
0.921000 1.000000
0.922000 1.000000
0.923000 1.000000
0.924000 1.000000
0.925000 1.000000
0.926000 1.000000
0.927000 1.000000
0.928000 1.000000
0.929000 1.000000
0.930000 1.000000
0.931000 1.000000
0.932000 1.000000
0.933000 1.000000
0.934000 1.000000
0.935000 1.000000
0.936000 1.000000
0.937000 1.000000
0.938000 1.000000
0.939000 1.000000
0.940000 1.000000
0.941000 1.000000
0.942000 1.000000
0.943000 1.000000
0.944000 1.000000
0.945000 1.000000
0.946000 1.000000
0.947000 1.000000
0.948000 1.000000
0.949000 1.000000
0.950000 1.000000
0.951000 1.000000
0.952000 1.000000
0.953000 1.000000
0.954000 1.000000
0.955000 1.000000
0.956000 1.000000
0.957000 1.000000
0.958000 1.000000
0.959000 1.000000
0.960000 1.000000
0.961000 1.000000
0.962000 1.000000
0.963000 1.000000
0.964000 1.000000
0.965000 1.000000
0.966000 1.000000
0.967000 1.000000
0.968000 1.000000
0.969000 1.000000
0.970000 1.000000
0.971000 1.000000
0.972000 1.000000
0.973000 1.000000
0.974000 1.000000
0.975000 1.000000
0.976000 1.000000
0.977000 1.000000
0.978000 1.000000
0.979000 1.000000
0.980000 1.000000
0.981000 1.000000
0.982000 1.000000
0.983000 1.000000
0.984000 1.000000
0.985000 1.000000
0.986000 1.000000
0.987000 1.000000
0.988000 1.000000
0.989000 1.000000
0.990000 1.000000
0.991000 1.000000
0.992000 1.000000
0.993000 1.000000
0.994000 1.000000
0.995000 1.000000
0.996000 1.000000
0.997000 1.000000
0.998000 1.000000
0.999000 1.000000
