0.000000 0.000000
0.001000 0.000000
0.002000 0.000000
0.003000 0.000000
0.004000 0.000000
0.005000 0.000000
0.006000 0.000000
0.007000 0.000000
0.008000 0.000000
0.009000 0.000000
0.010000 0.000000
0.011000 0.000000
0.012000 0.000000
0.013000 0.000000
0.014000 0.000000
0.015000 0.000000
0.016000 0.000000
0.017000 0.000000
0.018000 0.000000
0.019000 0.000000
0.020000 0.000000
0.021000 0.000000
0.022000 0.000000
0.023000 0.000000
0.024000 0.000000
0.025000 0.000000
0.026000 0.000000
0.027000 0.000000
0.028000 0.000000
0.029000 0.000000
0.030000 0.000000
0.031000 0.000000
0.032000 0.000000
0.033000 0.000000
0.034000 0.000000
0.035000 0.000000
0.036000 0.000000
0.037000 0.000000
0.038000 0.000000
0.039000 0.000000
0.040000 0.000000
0.041000 0.000000
0.042000 0.000000
0.043000 0.000000
0.044000 0.000000
0.045000 0.000000
0.046000 0.000000
0.047000 0.000000
0.048000 0.000000
0.049000 0.000000
0.050000 0.000000
0.051000 0.000000
0.052000 0.000000
0.053000 0.000000
0.054000 0.000000
0.055000 0.000000
0.056000 0.000000
0.057000 0.000000
0.058000 0.000000
0.059000 0.000000
0.060000 0.000000
0.061000 0.000000
0.062000 0.000000
0.063000 0.000000
0.064000 0.000000
0.065000 0.000000
0.066000 0.000000
0.067000 0.000000
0.068000 0.000000
0.069000 0.000000
0.070000 0.000000
0.071000 0.000000
0.072000 0.000000
0.073000 0.000000
0.074000 0.000000
0.075000 0.000000
0.076000 0.000000
0.077000 0.000000
0.078000 0.000000
0.079000 0.000000
0.080000 0.000000
0.081000 0.000000
0.082000 0.000000
0.083000 0.000000
0.084000 0.000000
0.085000 0.000000
0.086000 0.000000
0.087000 0.000000
0.088000 0.000000
0.089000 0.000000
0.090000 0.000000
0.091000 0.000000
0.092000 0.000000
0.093000 0.000000
0.094000 0.000000
0.095000 0.000000
0.096000 0.000000
0.097000 0.000000
0.098000 0.000000
0.099000 0.000000
0.100000 0.000000
0.101000 0.000000
0.102000 0.000000
0.103000 0.000000
0.104000 0.000000
0.105000 0.000000
0.106000 0.000000
0.107000 0.000000
0.108000 0.000000
0.109000 0.000000
0.110000 0.000000
0.111000 0.000000
0.112000 0.000000
0.113000 0.000000
0.114000 0.000000
0.115000 0.000000
0.116000 0.000000
0.117000 0.000000
0.118000 0.000000
0.119000 0.000000
0.120000 0.000000
0.121000 0.000000
0.122000 0.000000
0.123000 0.000000
0.124000 0.000000
0.125000 0.000000
0.126000 0.000000
0.127000 0.000000
0.128000 0.000000
0.129000 0.000000
0.130000 0.000000
0.131000 0.000000
0.132000 0.000000
0.133000 0.000000
0.134000 0.000000
0.135000 0.000000
0.136000 0.000000
0.137000 0.000000
0.138000 0.000000
0.139000 0.000000
0.140000 0.000000
0.141000 0.000000
0.142000 0.000000
0.143000 0.000000
0.144000 0.000000
0.145000 0.000000
0.146000 0.000000
0.147000 0.000000
0.148000 0.000000
0.149000 0.000000
0.150000 0.000000
0.151000 0.000000
0.152000 0.000000
0.153000 0.000000
0.154000 0.000000
0.155000 0.000000
0.156000 0.000000
0.157000 0.000000
0.158000 0.000000
0.159000 0.000000
0.160000 0.000000
0.161000 0.000000
0.162000 0.000000
0.163000 0.000000
0.164000 0.000000
0.165000 0.000000
0.166000 0.000000
0.167000 0.000000
0.168000 0.000000
0.169000 0.000000
0.170000 0.000000
0.171000 0.000000
0.172000 0.000000
0.173000 0.000000
0.174000 0.000000
0.175000 0.000000
0.176000 0.000000
0.177000 0.000001
0.178000 0.000001
0.179000 0.000001
0.180000 0.000001
0.181000 0.000001
0.182000 0.000001
0.183000 0.000001
0.184000 0.000001
0.185000 0.000001
0.186000 0.000001
0.187000 0.000001
0.188000 0.000001
0.189000 0.000001
0.190000 0.000001
0.191000 0.000001
0.192000 0.000001
0.193000 0.000001
0.194000 0.000001
0.195000 0.000001
0.196000 0.000001
0.197000 0.000001
0.198000 0.000001
0.199000 0.000001
0.200000 0.000002
0.201000 0.000002
0.202000 0.000002
0.203000 0.000002
0.204000 0.000002
0.205000 0.000002
0.206000 0.000002
0.207000 0.000002
0.208000 0.000002
0.209000 0.000002
0.210000 0.000002
0.211000 0.000002
0.212000 0.000003
0.213000 0.000003
0.214000 0.000003
0.215000 0.000003
0.216000 0.000003
0.217000 0.000003
0.218000 0.000003
0.219000 0.000003
0.220000 0.000004
0.221000 0.000004
0.222000 0.000004
0.223000 0.000004
0.224000 0.000004
0.225000 0.000004
0.226000 0.000005
0.227000 0.000005
0.228000 0.000005
0.229000 0.000005
0.230000 0.000005
0.231000 0.000006
0.232000 0.000006
0.233000 0.000006
0.234000 0.000006
0.235000 0.000007
0.236000 0.000007
0.237000 0.000007
0.238000 0.000007
0.239000 0.000008
0.240000 0.000008
0.241000 0.000008
0.242000 0.000009
0.243000 0.000009
0.244000 0.000009
0.245000 0.000010
0.246000 0.000010
0.247000 0.000010
0.248000 0.000011
0.249000 0.000011
0.250000 0.000011
0.251000 0.000012
0.252000 0.000012
0.253000 0.000013
0.254000 0.000013
0.255000 0.000014
0.256000 0.000014
0.257000 0.000015
0.258000 0.000015
0.259000 0.000016
0.260000 0.000016
0.261000 0.000017
0.262000 0.000017
0.263000 0.000018
0.264000 0.000019
0.265000 0.000019
0.266000 0.000020
0.267000 0.000021
0.268000 0.000021
0.269000 0.000022
0.270000 0.000023
0.271000 0.000024
0.272000 0.000024
0.273000 0.000025
0.274000 0.000026
0.275000 0.000027
0.276000 0.000028
0.277000 0.000029
0.278000 0.000030
0.279000 0.000031
0.280000 0.000032
0.281000 0.000033
0.282000 0.000034
0.283000 0.000035
0.284000 0.000036
0.285000 0.000037
0.286000 0.000038
0.287000 0.000040
0.288000 0.000041
0.289000 0.000042
0.290000 0.000044
0.291000 0.000045
0.292000 0.000046
0.293000 0.000048
0.294000 0.000049
0.295000 0.000051
0.296000 0.000052
0.297000 0.000054
0.298000 0.000056
0.299000 0.000057
0.300000 0.000059
0.301000 0.000061
0.302000 0.000063
0.303000 0.000065
0.304000 0.000067
0.305000 0.000069
0.306000 0.000071
0.307000 0.000073
0.308000 0.000075
0.309000 0.000077
0.310000 0.000079
0.311000 0.000082
0.312000 0.000084
0.313000 0.000086
0.314000 0.000089
0.315000 0.000092
0.316000 0.000094
0.317000 0.000097
0.318000 0.000100
0.319000 0.000103
0.320000 0.000106
0.321000 0.000109
0.322000 0.000112
0.323000 0.000115
0.324000 0.000118
0.325000 0.000121
0.326000 0.000125
0.327000 0.000128
0.328000 0.000132
0.329000 0.000135
0.330000 0.000139
0.331000 0.000143
0.332000 0.000147
0.333000 0.000151
0.334000 0.000155
0.335000 0.000159
0.336000 0.000164
0.337000 0.000168
0.338000 0.000173
0.339000 0.000177
0.340000 0.000182
0.341000 0.000187
0.342000 0.000192
0.343000 0.000197
0.344000 0.000202
0.345000 0.000208
0.346000 0.000213
0.347000 0.000219
0.348000 0.000225
0.349000 0.000230
0.350000 0.000236
0.351000 0.000243
0.352000 0.000249
0.353000 0.000255
0.354000 0.000262
0.355000 0.000269
0.356000 0.000276
0.357000 0.000283
0.358000 0.000290
0.359000 0.000297
0.360000 0.000305
0.361000 0.000312
0.362000 0.000320
0.363000 0.000328
0.364000 0.000336
0.365000 0.000345
0.366000 0.000354
0.367000 0.000362
0.368000 0.000371
0.369000 0.000380
0.370000 0.000390
0.371000 0.000399
0.372000 0.000409
0.373000 0.000419
0.374000 0.000429
0.375000 0.000440
0.376000 0.000451
0.377000 0.000461
0.378000 0.000473
0.379000 0.000484
0.380000 0.000496
0.381000 0.000507
0.382000 0.000520
0.383000 0.000532
0.384000 0.000545
0.385000 0.000557
0.386000 0.000571
0.387000 0.000584
0.388000 0.000598
0.389000 0.000612
0.390000 0.000626
0.391000 0.000641
0.392000 0.000656
0.393000 0.000671
0.394000 0.000686
0.395000 0.000702
0.396000 0.000718
0.397000 0.000735
0.398000 0.000752
0.399000 0.000769
0.400000 0.000786
0.401000 0.000804
0.402000 0.000822
0.403000 0.000841
0.404000 0.000860
0.405000 0.000879
0.406000 0.000899
0.407000 0.000919
0.408000 0.000940
0.409000 0.000960
0.410000 0.000982
0.411000 0.001004
0.412000 0.001026
0.413000 0.001048
0.414000 0.001071
0.415000 0.001095
0.416000 0.001119
0.417000 0.001143
0.418000 0.001168
0.419000 0.001194
0.420000 0.001220
0.421000 0.001246
0.422000 0.001273
0.423000 0.001300
0.424000 0.001328
0.425000 0.001357
0.426000 0.001386
0.427000 0.001415
0.428000 0.001445
0.429000 0.001476
0.430000 0.001507
0.431000 0.001539
0.432000 0.001571
0.433000 0.001604
0.434000 0.001638
0.435000 0.001672
0.436000 0.001707
0.437000 0.001743
0.438000 0.001779
0.439000 0.001816
0.440000 0.001853
0.441000 0.001891
0.442000 0.001930
0.443000 0.001970
0.444000 0.002010
0.445000 0.002051
0.446000 0.002093
0.447000 0.002136
0.448000 0.002179
0.449000 0.002223
0.450000 0.002268
0.451000 0.002314
0.452000 0.002361
0.453000 0.002408
0.454000 0.002456
0.455000 0.002505
0.456000 0.002555
0.457000 0.002606
0.458000 0.002658
0.459000 0.002710
0.460000 0.002764
0.461000 0.002819
0.462000 0.002874
0.463000 0.002930
0.464000 0.002988
0.465000 0.003046
0.466000 0.003106
0.467000 0.003166
0.468000 0.003227
0.469000 0.003290
0.470000 0.003354
0.471000 0.003418
0.472000 0.003484
0.473000 0.003551
0.474000 0.003619
0.475000 0.003688
0.476000 0.003759
0.477000 0.003830
0.478000 0.003903
0.479000 0.003977
0.480000 0.004052
0.481000 0.004129
0.482000 0.004207
0.483000 0.004286
0.484000 0.004366
0.485000 0.004448
0.486000 0.004531
0.487000 0.004615
0.488000 0.004701
0.489000 0.004789
0.490000 0.004877
0.491000 0.004967
0.492000 0.005059
0.493000 0.005152
0.494000 0.005247
0.495000 0.005343
0.496000 0.005441
0.497000 0.005540
0.498000 0.005641
0.499000 0.005744
0.500000 0.005848
0.501000 0.005954
0.502000 0.006061
0.503000 0.006171
0.504000 0.006282
0.505000 0.006395
0.506000 0.006509
0.507000 0.006626
0.508000 0.006744
0.509000 0.006864
0.510000 0.006986
0.511000 0.007110
0.512000 0.007236
0.513000 0.007364
0.514000 0.007494
0.515000 0.007626
0.516000 0.007760
0.517000 0.007896
0.518000 0.008034
0.519000 0.008174
0.520000 0.008317
0.521000 0.008461
0.522000 0.008608
0.523000 0.008757
0.524000 0.008909
0.525000 0.009062
0.526000 0.009218
0.527000 0.009377
0.528000 0.009538
0.529000 0.009701
0.530000 0.009867
0.531000 0.010035
0.532000 0.010206
0.533000 0.010379
0.534000 0.010555
0.535000 0.010734
0.536000 0.010915
0.537000 0.011099
0.538000 0.011285
0.539000 0.011475
0.540000 0.011667
0.541000 0.011862
0.542000 0.012060
0.543000 0.012261
0.544000 0.012465
0.545000 0.012672
0.546000 0.012882
0.547000 0.013095
0.548000 0.013311
0.549000 0.013530
0.550000 0.013753
0.551000 0.013978
0.552000 0.014207
0.553000 0.014439
0.554000 0.014675
0.555000 0.014914
0.556000 0.015156
0.557000 0.015402
0.558000 0.015651
0.559000 0.015904
0.560000 0.016161
0.561000 0.016421
0.562000 0.016685
0.563000 0.016952
0.564000 0.017224
0.565000 0.017499
0.566000 0.017778
0.567000 0.018061
0.568000 0.018348
0.569000 0.018639
0.570000 0.018934
0.571000 0.019233
0.572000 0.019536
0.573000 0.019843
0.574000 0.020155
0.575000 0.020471
0.576000 0.020792
0.577000 0.021116
0.578000 0.021446
0.579000 0.021780
0.580000 0.022118
0.581000 0.022461
0.582000 0.022808
0.583000 0.023161
0.584000 0.023518
0.585000 0.023880
0.586000 0.024247
0.587000 0.024619
0.588000 0.024996
0.589000 0.025377
0.590000 0.025764
0.591000 0.026157
0.592000 0.026554
0.593000 0.026957
0.594000 0.027365
0.595000 0.027778
0.596000 0.028197
0.597000 0.028622
0.598000 0.029052
0.599000 0.029488
0.600000 0.029929
0.601000 0.030377
0.602000 0.030830
0.603000 0.031289
0.604000 0.031754
0.605000 0.032225
0.606000 0.032702
0.607000 0.033186
0.608000 0.033675
0.609000 0.034171
0.610000 0.034674
0.611000 0.035183
0.612000 0.035698
0.613000 0.036220
0.614000 0.036748
0.615000 0.037284
0.616000 0.037826
0.617000 0.038375
0.618000 0.038931
0.619000 0.039494
0.620000 0.040064
0.621000 0.040641
0.622000 0.041226
0.623000 0.041818
0.624000 0.042417
0.625000 0.043024
0.626000 0.043638
0.627000 0.044260
0.628000 0.044889
0.629000 0.045527
0.630000 0.046172
0.631000 0.046825
0.632000 0.047486
0.633000 0.048156
0.634000 0.048833
0.635000 0.049519
0.636000 0.050213
0.637000 0.050916
0.638000 0.051627
0.639000 0.052347
0.640000 0.053075
0.641000 0.053813
0.642000 0.054559
0.643000 0.055314
0.644000 0.056078
0.645000 0.056851
0.646000 0.057634
0.647000 0.058426
0.648000 0.059227
0.649000 0.060037
0.650000 0.060858
0.651000 0.061688
0.652000 0.062527
0.653000 0.063377
0.654000 0.064236
0.655000 0.065106
0.656000 0.065986
0.657000 0.066875
0.658000 0.067776
0.659000 0.068686
0.660000 0.069607
0.661000 0.070539
0.662000 0.071482
0.663000 0.072435
0.664000 0.073399
0.665000 0.074374
0.666000 0.075361
0.667000 0.076358
0.668000 0.077367
0.669000 0.078387
0.670000 0.079419
0.671000 0.080463
0.672000 0.081518
0.673000 0.082584
0.674000 0.083663
0.675000 0.084754
0.676000 0.085857
0.677000 0.086972
0.678000 0.088100
0.679000 0.089240
0.680000 0.090392
0.681000 0.091557
0.682000 0.092735
0.683000 0.093926
0.684000 0.095130
0.685000 0.096346
0.686000 0.097576
0.687000 0.098820
0.688000 0.100076
0.689000 0.101346
0.690000 0.102630
0.691000 0.103928
0.692000 0.105239
0.693000 0.106564
0.694000 0.107904
0.695000 0.109257
0.696000 0.110625
0.697000 0.112007
0.698000 0.113404
0.699000 0.114815
0.700000 0.116241
0.701000 0.117682
0.702000 0.119138
0.703000 0.120609
0.704000 0.122095
0.705000 0.123596
0.706000 0.125113
0.707000 0.126645
0.708000 0.128193
0.709000 0.129756
0.710000 0.131336
0.711000 0.132931
0.712000 0.134542
0.713000 0.136170
0.714000 0.137814
0.715000 0.139474
0.716000 0.141151
0.717000 0.142844
0.718000 0.144554
0.719000 0.146281
0.720000 0.148025
0.721000 0.149786
0.722000 0.151564
0.723000 0.153360
0.724000 0.155173
0.725000 0.157003
0.726000 0.158851
0.727000 0.160717
0.728000 0.162600
0.729000 0.164502
0.730000 0.166421
0.731000 0.168359
0.732000 0.170315
0.733000 0.172289
0.734000 0.174282
0.735000 0.176293
0.736000 0.178324
0.737000 0.180372
0.738000 0.182440
0.739000 0.184527
0.740000 0.186633
0.741000 0.188758
0.742000 0.190902
0.743000 0.193066
0.744000 0.195250
0.745000 0.197452
0.746000 0.199675
0.747000 0.201917
0.748000 0.204180
0.749000 0.206462
0.750000 0.208764
0.751000 0.211087
0.752000 0.213429
0.753000 0.215792
0.754000 0.218176
0.755000 0.220580
0.756000 0.223005
0.757000 0.225450
0.758000 0.227916
0.759000 0.230403
0.760000 0.232910
0.761000 0.235439
0.762000 0.237989
0.763000 0.240560
0.764000 0.243152
0.765000 0.245766
0.766000 0.248401
0.767000 0.251057
0.768000 0.253735
0.769000 0.256434
0.770000 0.259155
0.771000 0.261898
0.772000 0.264662
0.773000 0.267448
0.774000 0.270256
0.775000 0.273086
0.776000 0.275937
0.777000 0.278811
0.778000 0.281707
0.779000 0.284625
0.780000 0.287564
0.781000 0.290526
0.782000 0.293510
0.783000 0.296517
0.784000 0.299545
0.785000 0.302596
0.786000 0.305669
0.787000 0.308764
0.788000 0.311881
0.789000 0.315021
0.790000 0.318183
0.791000 0.321367
0.792000 0.324574
0.793000 0.327803
0.794000 0.331054
0.795000 0.334328
0.796000 0.337623
0.797000 0.340941
0.798000 0.344281
0.799000 0.347643
0.800000 0.351028
0.801000 0.354434
0.802000 0.357863
0.803000 0.361314
0.804000 0.364786
0.805000 0.368281
0.806000 0.371797
0.807000 0.375335
0.808000 0.378895
0.809000 0.382477
0.810000 0.386080
0.811000 0.389705
0.812000 0.393351
0.813000 0.397018
0.814000 0.400707
0.815000 0.404417
0.816000 0.408148
0.817000 0.411900
0.818000 0.415672
0.819000 0.419465
0.820000 0.423279
0.821000 0.427113
0.822000 0.430968
0.823000 0.434842
0.824000 0.438737
0.825000 0.442651
0.826000 0.446585
0.827000 0.450539
0.828000 0.454511
0.829000 0.458503
0.830000 0.462514
0.831000 0.466543
0.832000 0.470591
0.833000 0.474657
0.834000 0.478741
0.835000 0.482843
0.836000 0.486963
0.837000 0.491100
0.838000 0.495254
0.839000 0.499425
0.840000 0.503613
0.841000 0.507817
0.842000 0.512037
0.843000 0.516272
0.844000 0.520523
0.845000 0.524790
0.846000 0.529071
0.847000 0.533366
0.848000 0.537676
0.849000 0.542000
0.850000 0.546337
0.851000 0.550687
0.852000 0.555050
0.853000 0.559426
0.854000 0.563814
0.855000 0.568213
0.856000 0.572623
0.857000 0.577045
0.858000 0.581476
0.859000 0.585918
0.860000 0.590370
0.861000 0.594830
0.862000 0.599299
0.863000 0.603777
0.864000 0.608262
0.865000 0.612754
0.866000 0.617254
0.867000 0.621759
0.868000 0.626270
0.869000 0.630787
0.870000 0.635308
0.871000 0.639833
0.872000 0.644363
0.873000 0.648895
0.874000 0.653429
0.875000 0.657966
0.876000 0.662504
0.877000 0.667043
0.878000 0.671582
0.879000 0.676120
0.880000 0.680657
0.881000 0.685193
0.882000 0.689726
0.883000 0.694257
0.884000 0.698783
0.885000 0.703305
0.886000 0.707822
0.887000 0.712334
0.888000 0.716839
0.889000 0.721337
0.890000 0.725826
0.891000 0.730308
0.892000 0.734780
0.893000 0.739242
0.894000 0.743693
0.895000 0.748132
0.896000 0.752559
0.897000 0.756973
0.898000 0.761373
0.899000 0.765758
0.900000 0.770127
0.901000 0.774480
0.902000 0.778816
0.903000 0.783134
0.904000 0.787433
0.905000 0.791712
0.906000 0.795971
0.907000 0.800208
0.908000 0.804423
0.909000 0.808614
0.910000 0.812782
0.911000 0.816924
0.912000 0.821041
0.913000 0.825131
0.914000 0.829194
0.915000 0.833227
0.916000 0.837232
0.917000 0.841206
0.918000 0.845149
0.919000 0.849059
0.920000 0.852937
0.921000 0.856781
0.922000 0.860589
0.923000 0.864362
0.924000 0.868098
0.925000 0.871797
0.926000 0.875456
0.927000 0.879077
0.928000 0.882657
0.929000 0.886195
0.930000 0.889692
0.931000 0.893145
0.932000 0.896555
0.933000 0.899919
0.934000 0.903238
0.935000 0.906510
0.936000 0.909735
0.937000 0.912911
0.938000 0.916039
0.939000 0.919116
0.940000 0.922143
0.941000 0.925118
0.942000 0.928040
0.943000 0.930910
0.944000 0.933726
0.945000 0.936487
0.946000 0.939192
0.947000 0.941842
0.948000 0.944435
0.949000 0.946971
0.950000 0.949449
0.951000 0.951869
0.952000 0.954229
0.953000 0.956530
0.954000 0.958771
0.955000 0.960952
0.956000 0.963072
0.957000 0.965130
0.958000 0.967126
0.959000 0.969061
0.960000 0.970934
0.961000 0.972744
0.962000 0.974491
0.963000 0.976176
0.964000 0.977798
0.965000 0.979357
0.966000 0.980854
0.967000 0.982288
0.968000 0.983659
0.969000 0.984969
0.970000 0.986216
0.971000 0.987402
0.972000 0.988526
0.973000 0.989591
0.974000 0.990595
0.975000 0.991540
0.976000 0.992426
0.977000 0.993255
0.978000 0.994027
0.979000 0.994743
0.980000 0.995405
0.981000 0.996013
0.982000 0.996570
0.983000 0.997076
0.984000 0.997533
0.985000 0.997943
0.986000 0.998308
0.987000 0.998629
0.988000 0.998909
0.989000 0.999149
0.990000 0.999353
0.991000 0.999523
0.992000 0.999661
0.993000 0.999770
0.994000 0.999853
0.995000 0.999914
0.996000 0.999956
0.997000 0.999981
0.998000 0.999994
0.999000 0.999999
