0.000000 0.000000
0.001000 0.000031
0.002000 0.000124
0.003000 0.000279
0.004000 0.000496
0.005000 0.000775
0.006000 0.001115
0.007000 0.001518
0.008000 0.001982
0.009000 0.002508
0.010000 0.003095
0.011000 0.003744
0.012000 0.004454
0.013000 0.005226
0.014000 0.006058
0.015000 0.006952
0.016000 0.007906
0.017000 0.008920
0.018000 0.009995
0.019000 0.011131
0.020000 0.012326
0.021000 0.013581
0.022000 0.014896
0.023000 0.016270
0.024000 0.017703
0.025000 0.019194
0.026000 0.020745
0.027000 0.022354
0.028000 0.024020
0.029000 0.025745
0.030000 0.027527
0.031000 0.029366
0.032000 0.031261
0.033000 0.033213
0.034000 0.035221
0.035000 0.037285
0.036000 0.039405
0.037000 0.041579
0.038000 0.043808
0.039000 0.046091
0.040000 0.048428
0.041000 0.050818
0.042000 0.053261
0.043000 0.055757
0.044000 0.058305
0.045000 0.060905
0.046000 0.063556
0.047000 0.066258
0.048000 0.069010
0.049000 0.071812
0.050000 0.074663
0.051000 0.077563
0.052000 0.080511
0.053000 0.083508
0.054000 0.086551
0.055000 0.089642
0.056000 0.092779
0.057000 0.095961
0.058000 0.099189
0.059000 0.102461
0.060000 0.105778
0.061000 0.109138
0.062000 0.112542
0.063000 0.115987
0.064000 0.119475
0.065000 0.123004
0.066000 0.126573
0.067000 0.130183
0.068000 0.133832
0.069000 0.137520
0.070000 0.141247
0.071000 0.145011
0.072000 0.148812
0.073000 0.152649
0.074000 0.156523
0.075000 0.160432
0.076000 0.164375
0.077000 0.168352
0.078000 0.172363
0.079000 0.176406
0.080000 0.180481
0.081000 0.184587
0.082000 0.188725
0.083000 0.192892
0.084000 0.197089
0.085000 0.201315
0.086000 0.205568
0.087000 0.209849
0.088000 0.214157
0.089000 0.218491
0.090000 0.222850
0.091000 0.227235
0.092000 0.231643
0.093000 0.236075
0.094000 0.240529
0.095000 0.245006
0.096000 0.249504
0.097000 0.254023
0.098000 0.258561
0.099000 0.263120
0.100000 0.267697
0.101000 0.272292
0.102000 0.276904
0.103000 0.281533
0.104000 0.286179
0.105000 0.290839
0.106000 0.295515
0.107000 0.300204
0.108000 0.304907
0.109000 0.309622
0.110000 0.314350
0.111000 0.319089
0.112000 0.323839
0.113000 0.328598
0.114000 0.333368
0.115000 0.338146
0.116000 0.342932
0.117000 0.347726
0.118000 0.352526
0.119000 0.357333
0.120000 0.362146
0.121000 0.366963
0.122000 0.371785
0.123000 0.376610
0.124000 0.381438
0.125000 0.386269
0.126000 0.391102
0.127000 0.395936
0.128000 0.400771
0.129000 0.405605
0.130000 0.410439
0.131000 0.415272
0.132000 0.420103
0.133000 0.424932
0.134000 0.429758
0.135000 0.434580
0.136000 0.439398
0.137000 0.444212
0.138000 0.449021
0.139000 0.453823
0.140000 0.458620
0.141000 0.463409
0.142000 0.468192
0.143000 0.472966
0.144000 0.477732
0.145000 0.482489
0.146000 0.487236
0.147000 0.491974
0.148000 0.496701
0.149000 0.501417
0.150000 0.506122
0.151000 0.510815
0.152000 0.515495
0.153000 0.520162
0.154000 0.524817
0.155000 0.529457
0.156000 0.534083
0.157000 0.538694
0.158000 0.543290
0.159000 0.547871
0.160000 0.552436
0.161000 0.556984
0.162000 0.561515
0.163000 0.566029
0.164000 0.570526
0.165000 0.575004
0.166000 0.579465
0.167000 0.583906
0.168000 0.588328
0.169000 0.592731
0.170000 0.597114
0.171000 0.601476
0.172000 0.605818
0.173000 0.610140
0.174000 0.614440
0.175000 0.618718
0.176000 0.622975
0.177000 0.627209
0.178000 0.631421
0.179000 0.635611
0.180000 0.639777
0.181000 0.643920
0.182000 0.648039
0.183000 0.652135
0.184000 0.656206
0.185000 0.660254
0.186000 0.664276
0.187000 0.668274
0.188000 0.672247
0.189000 0.676195
0.190000 0.680117
0.191000 0.684013
0.192000 0.687884
0.193000 0.691729
0.194000 0.695547
0.195000 0.699339
0.196000 0.703104
0.197000 0.706843
0.198000 0.710555
0.199000 0.714239
0.200000 0.717897
0.201000 0.721527
0.202000 0.725130
0.203000 0.728705
0.204000 0.732252
0.205000 0.735772
0.206000 0.739263
0.207000 0.742727
0.208000 0.746163
0.209000 0.749570
0.210000 0.752949
0.211000 0.756300
0.212000 0.759622
0.213000 0.762916
0.214000 0.766182
0.215000 0.769419
0.216000 0.772627
0.217000 0.775807
0.218000 0.778958
0.219000 0.782080
0.220000 0.785174
0.221000 0.788239
0.222000 0.791275
0.223000 0.794282
0.224000 0.797261
0.225000 0.800211
0.226000 0.803132
0.227000 0.806025
0.228000 0.808889
0.229000 0.811724
0.230000 0.814531
0.231000 0.817309
0.232000 0.820059
0.233000 0.822780
0.234000 0.825473
0.235000 0.828138
0.236000 0.830774
0.237000 0.833382
0.238000 0.835962
0.239000 0.838514
0.240000 0.841038
0.241000 0.843534
0.242000 0.846002
0.243000 0.848443
0.244000 0.850855
0.245000 0.853241
0.246000 0.855599
0.247000 0.857929
0.248000 0.860233
0.249000 0.862509
0.250000 0.864759
0.251000 0.866981
0.252000 0.869177
0.253000 0.871346
0.254000 0.873489
0.255000 0.875606
0.256000 0.877696
0.257000 0.879761
0.258000 0.881799
0.259000 0.883812
0.260000 0.885799
0.261000 0.887761
0.262000 0.889697
0.263000 0.891608
0.264000 0.893495
0.265000 0.895356
0.266000 0.897193
0.267000 0.899005
0.268000 0.900793
0.269000 0.902557
0.270000 0.904297
0.271000 0.906014
0.272000 0.907706
0.273000 0.909375
0.274000 0.911021
0.275000 0.912644
0.276000 0.914244
0.277000 0.915821
0.278000 0.917375
0.279000 0.918908
0.280000 0.920418
0.281000 0.921906
0.282000 0.923372
0.283000 0.924817
0.284000 0.926240
0.285000 0.927642
0.286000 0.929023
0.287000 0.930384
0.288000 0.931723
0.289000 0.933043
0.290000 0.934342
0.291000 0.935621
0.292000 0.936880
0.293000 0.938119
0.294000 0.939339
0.295000 0.940540
0.296000 0.941722
0.297000 0.942884
0.298000 0.944029
0.299000 0.945154
0.300000 0.946262
0.301000 0.947351
0.302000 0.948423
0.303000 0.949477
0.304000 0.950513
0.305000 0.951532
0.306000 0.952534
0.307000 0.953519
0.308000 0.954488
0.309000 0.955440
0.310000 0.956375
0.311000 0.957295
0.312000 0.958199
0.313000 0.959087
0.314000 0.959959
0.315000 0.960816
0.316000 0.961658
0.317000 0.962485
0.318000 0.963298
0.319000 0.964095
0.320000 0.964879
0.321000 0.965648
0.322000 0.966403
0.323000 0.967145
0.324000 0.967873
0.325000 0.968587
0.326000 0.969288
0.327000 0.969976
0.328000 0.970651
0.329000 0.971314
0.330000 0.971964
0.331000 0.972601
0.332000 0.973227
0.333000 0.973840
0.334000 0.974442
0.335000 0.975032
0.336000 0.975610
0.337000 0.976177
0.338000 0.976733
0.339000 0.977278
0.340000 0.977812
0.341000 0.978336
0.342000 0.978849
0.343000 0.979352
0.344000 0.979844
0.345000 0.980327
0.346000 0.980800
0.347000 0.981263
0.348000 0.981716
0.349000 0.982161
0.350000 0.982596
0.351000 0.983021
0.352000 0.983438
0.353000 0.983847
0.354000 0.984246
0.355000 0.984637
0.356000 0.985020
0.357000 0.985395
0.358000 0.985761
0.359000 0.986120
0.360000 0.986470
0.361000 0.986814
0.362000 0.987149
0.363000 0.987477
0.364000 0.987798
0.365000 0.988112
0.366000 0.988419
0.367000 0.988719
0.368000 0.989013
0.369000 0.989299
0.370000 0.989579
0.371000 0.989853
0.372000 0.990121
0.373000 0.990382
0.374000 0.990637
0.375000 0.990887
0.376000 0.991131
0.377000 0.991369
0.378000 0.991601
0.379000 0.991828
0.380000 0.992050
0.381000 0.992266
0.382000 0.992477
0.383000 0.992683
0.384000 0.992884
0.385000 0.993081
0.386000 0.993272
0.387000 0.993459
0.388000 0.993641
0.389000 0.993819
0.390000 0.993993
0.391000 0.994162
0.392000 0.994327
0.393000 0.994488
0.394000 0.994645
0.395000 0.994797
0.396000 0.994946
0.397000 0.995092
0.398000 0.995233
0.399000 0.995371
0.400000 0.995506
0.401000 0.995637
0.402000 0.995764
0.403000 0.995889
0.404000 0.996010
0.405000 0.996127
0.406000 0.996242
0.407000 0.996354
0.408000 0.996463
0.409000 0.996569
0.410000 0.996672
0.411000 0.996772
0.412000 0.996870
0.413000 0.996965
0.414000 0.997057
0.415000 0.997147
0.416000 0.997235
0.417000 0.997320
0.418000 0.997402
0.419000 0.997483
0.420000 0.997561
0.421000 0.997637
0.422000 0.997711
0.423000 0.997783
0.424000 0.997853
0.425000 0.997920
0.426000 0.997986
0.427000 0.998050
0.428000 0.998113
0.429000 0.998173
0.430000 0.998232
0.431000 0.998289
0.432000 0.998344
0.433000 0.998398
0.434000 0.998450
0.435000 0.998501
0.436000 0.998550
0.437000 0.998597
0.438000 0.998644
0.439000 0.998689
0.440000 0.998732
0.441000 0.998774
0.442000 0.998815
0.443000 0.998855
0.444000 0.998894
0.445000 0.998931
0.446000 0.998967
0.447000 0.999002
0.448000 0.999036
0.449000 0.999069
0.450000 0.999101
0.451000 0.999132
0.452000 0.999162
0.453000 0.999191
0.454000 0.999219
0.455000 0.999247
0.456000 0.999273
0.457000 0.999298
0.458000 0.999323
0.459000 0.999347
0.460000 0.999370
0.461000 0.999393
0.462000 0.999414
0.463000 0.999435
0.464000 0.999456
0.465000 0.999475
0.466000 0.999494
0.467000 0.999513
0.468000 0.999530
0.469000 0.999548
0.470000 0.999564
0.471000 0.999580
0.472000 0.999596
0.473000 0.999611
0.474000 0.999625
0.475000 0.999639
0.476000 0.999653
0.477000 0.999666
0.478000 0.999678
0.479000 0.999690
0.480000 0.999702
0.481000 0.999713
0.482000 0.999724
0.483000 0.999735
0.484000 0.999745
0.485000 0.999755
0.486000 0.999764
0.487000 0.999773
0.488000 0.999782
0.489000 0.999791
0.490000 0.999799
0.491000 0.999807
0.492000 0.999814
0.493000 0.999822
0.494000 0.999829
0.495000 0.999836
0.496000 0.999842
0.497000 0.999848
0.498000 0.999855
0.499000 0.999860
0.500000 0.999866
0.501000 0.999871
0.502000 0.999877
0.503000 0.999882
0.504000 0.999887
0.505000 0.999891
0.506000 0.999896
0.507000 0.999900
0.508000 0.999904
0.509000 0.999908
0.510000 0.999912
0.511000 0.999916
0.512000 0.999919
0.513000 0.999923
0.514000 0.999926
0.515000 0.999929
0.516000 0.999932
0.517000 0.999935
0.518000 0.999938
0.519000 0.999940
0.520000 0.999943
0.521000 0.999945
0.522000 0.999948
0.523000 0.999950
0.524000 0.999952
0.525000 0.999954
0.526000 0.999956
0.527000 0.999958
0.528000 0.999960
0.529000 0.999962
0.530000 0.999964
0.531000 0.999965
0.532000 0.999967
0.533000 0.999968
0.534000 0.999970
0.535000 0.999971
0.536000 0.999972
0.537000 0.999974
0.538000 0.999975
0.539000 0.999976
0.540000 0.999977
0.541000 0.999978
0.542000 0.999979
0.543000 0.999980
0.544000 0.999981
0.545000 0.999982
0.546000 0.999983
0.547000 0.999984
0.548000 0.999984
0.549000 0.999985
0.550000 0.999986
0.551000 0.999987
0.552000 0.999987
0.553000 0.999988
0.554000 0.999988
0.555000 0.999989
0.556000 0.999990
0.557000 0.999990
0.558000 0.999991
0.559000 0.999991
0.560000 0.999991
0.561000 0.999992
0.562000 0.999992
0.563000 0.999993
0.564000 0.999993
0.565000 0.999993
0.566000 0.999994
0.567000 0.999994
0.568000 0.999994
0.569000 0.999995
0.570000 0.999995
0.571000 0.999995
0.572000 0.999995
0.573000 0.999996
0.574000 0.999996
0.575000 0.999996
0.576000 0.999996
0.577000 0.999996
0.578000 0.999997
0.579000 0.999997
0.580000 0.999997
0.581000 0.999997
0.582000 0.999997
0.583000 0.999997
0.584000 0.999998
0.585000 0.999998
0.586000 0.999998
0.587000 0.999998
0.588000 0.999998
0.589000 0.999998
0.590000 0.999998
0.591000 0.999998
0.592000 0.999998
0.593000 0.999999
0.594000 0.999999
0.595000 0.999999
0.596000 0.999999
0.597000 0.999999
0.598000 0.999999
0.599000 0.999999
0.600000 0.999999
0.601000 0.999999
0.602000 0.999999
0.603000 0.999999
0.604000 0.999999
0.605000 0.999999
0.606000 0.999999
0.607000 0.999999
0.608000 0.999999
0.609000 0.999999
0.610000 0.999999
0.611000 0.999999
0.612000 1.000000
0.613000 1.000000
0.614000 1.000000
0.615000 1.000000
0.616000 1.000000
0.617000 1.000000
0.618000 1.000000
0.619000 1.000000
0.620000 1.000000
0.621000 1.000000
0.622000 1.000000
0.623000 1.000000
0.624000 1.000000
0.625000 1.000000
0.626000 1.000000
0.627000 1.000000
0.628000 1.000000
0.629000 1.000000
0.630000 1.000000
0.631000 1.000000
0.632000 1.000000
0.633000 1.000000
0.634000 1.000000
0.635000 1.000000
0.636000 1.000000
0.637000 1.000000
0.638000 1.000000
0.639000 1.000000
0.640000 1.000000
0.641000 1.000000
0.642000 1.000000
0.643000 1.000000
0.644000 1.000000
0.645000 1.000000
0.646000 1.000000
0.647000 1.000000
0.648000 1.000000
0.649000 1.000000
0.650000 1.000000
0.651000 1.000000
0.652000 1.000000
0.653000 1.000000
0.654000 1.000000
0.655000 1.000000
0.656000 1.000000
0.657000 1.000000
0.658000 1.000000
0.659000 1.000000
0.660000 1.000000
0.661000 1.000000
0.662000 1.000000
0.663000 1.000000
0.664000 1.000000
0.665000 1.000000
0.666000 1.000000
0.667000 1.000000
0.668000 1.000000
0.669000 1.000000
0.670000 1.000000
0.671000 1.000000
0.672000 1.000000
0.673000 1.000000
0.674000 1.000000
0.675000 1.000000
0.676000 1.000000
0.677000 1.000000
0.678000 1.000000
0.679000 1.000000
0.680000 1.000000
0.681000 1.000000
0.682000 1.000000
0.683000 1.000000
0.684000 1.000000
0.685000 1.000000
0.686000 1.000000
0.687000 1.000000
0.688000 1.000000
0.689000 1.000000
0.690000 1.000000
0.691000 1.000000
0.692000 1.000000
0.693000 1.000000
0.694000 1.000000
0.695000 1.000000
0.696000 1.000000
0.697000 1.000000
0.698000 1.000000
0.699000 1.000000
0.700000 1.000000
0.701000 1.000000
0.702000 1.000000
0.703000 1.000000
0.704000 1.000000
0.705000 1.000000
0.706000 1.000000
0.707000 1.000000
0.708000 1.000000
0.709000 1.000000
0.710000 1.000000
0.711000 1.000000
0.712000 1.000000
0.713000 1.000000
0.714000 1.000000
0.715000 1.000000
0.716000 1.000000
0.717000 1.000000
0.718000 1.000000
0.719000 1.000000
0.720000 1.000000
0.721000 1.000000
0.722000 1.000000
0.723000 1.000000
0.724000 1.000000
0.725000 1.000000
0.726000 1.000000
0.727000 1.000000
0.728000 1.000000
0.729000 1.000000
0.730000 1.000000
0.731000 1.000000
0.732000 1.000000
0.733000 1.000000
0.734000 1.000000
0.735000 1.000000
0.736000 1.000000
0.737000 1.000000
0.738000 1.000000
0.739000 1.000000
0.740000 1.000000
0.741000 1.000000
0.742000 1.000000
0.743000 1.000000
0.744000 1.000000
0.745000 1.000000
0.746000 1.000000
0.747000 1.000000
0.748000 1.000000
0.749000 1.000000
0.750000 1.000000
0.751000 1.000000
0.752000 1.000000
0.753000 1.000000
0.754000 1.000000
0.755000 1.000000
0.756000 1.000000
0.757000 1.000000
0.758000 1.000000
0.759000 1.000000
0.760000 1.000000
0.761000 1.000000
0.762000 1.000000
0.763000 1.000000
0.764000 1.000000
0.765000 1.000000
0.766000 1.000000
0.767000 1.000000
0.768000 1.000000
0.769000 1.000000
0.770000 1.000000
0.771000 1.000000
0.772000 1.000000
0.773000 1.000000
0.774000 1.000000
0.775000 1.000000
0.776000 1.000000
0.777000 1.000000
0.778000 1.000000
0.779000 1.000000
0.780000 1.000000
0.781000 1.000000
0.782000 1.000000
0.783000 1.000000
0.784000 1.000000
0.785000 1.000000
0.786000 1.000000
0.787000 1.000000
0.788000 1.000000
0.789000 1.000000
0.790000 1.000000
0.791000 1.000000
0.792000 1.000000
0.793000 1.000000
0.794000 1.000000
0.795000 1.000000
0.796000 1.000000
0.797000 1.000000
0.798000 1.000000
0.799000 1.000000
0.800000 1.000000
0.801000 1.000000
0.802000 1.000000
0.803000 1.000000
0.804000 1.000000
0.805000 1.000000
0.806000 1.000000
0.807000 1.000000
0.808000 1.000000
0.809000 1.000000
0.810000 1.000000
0.811000 1.000000
0.812000 1.000000
0.813000 1.000000
0.814000 1.000000
0.815000 1.000000
0.816000 1.000000
0.817000 1.000000
0.818000 1.000000
0.819000 1.000000
0.820000 1.000000
0.821000 1.000000
0.822000 1.000000
0.823000 1.000000
0.824000 1.000000
0.825000 1.000000
0.826000 1.000000
0.827000 1.000000
0.828000 1.000000
0.829000 1.000000
0.830000 1.000000
0.831000 1.000000
0.832000 1.000000
0.833000 1.000000
0.834000 1.000000
0.835000 1.000000
0.836000 1.000000
0.837000 1.000000
0.838000 1.000000
0.839000 1.000000
0.840000 1.000000
0.841000 1.000000
0.842000 1.000000
0.843000 1.000000
0.844000 1.000000
0.845000 1.000000
0.846000 1.000000
0.847000 1.000000
0.848000 1.000000
0.849000 1.000000
0.850000 1.000000
0.851000 1.000000
0.852000 1.000000
0.853000 1.000000
0.854000 1.000000
0.855000 1.000000
0.856000 1.000000
0.857000 1.000000
0.858000 1.000000
0.859000 1.000000
0.860000 1.000000
0.861000 1.000000
0.862000 1.000000
0.863000 1.000000
0.864000 1.000000
0.865000 1.000000
0.866000 1.000000
0.867000 1.000000
0.868000 1.000000
0.869000 1.000000
0.870000 1.000000
0.871000 1.000000
0.872000 1.000000
0.873000 1.000000
0.874000 1.000000
0.875000 1.000000
0.876000 1.000000
0.877000 1.000000
0.878000 1.000000
0.879000 1.000000
0.880000 1.000000
0.881000 1.000000
0.882000 1.000000
0.883000 1.000000
0.884000 1.000000
0.885000 1.000000
0.886000 1.000000
0.887000 1.000000
0.888000 1.000000
0.889000 1.000000
0.890000 1.000000
0.891000 1.000000
0.892000 1.000000
0.893000 1.000000
0.894000 1.000000
0.895000 1.000000
0.896000 1.000000
0.897000 1.000000
0.898000 1.000000
0.899000 1.000000
0.900000 1.000000
0.901000 1.000000
0.902000 1.000000
0.903000 1.000000
0.904000 1.000000
0.905000 1.000000
0.906000 1.000000
0.907000 1.000000
0.908000 1.000000
0.909000 1.000000
0.910000 1.000000
0.911000 1.000000
0.912000 1.000000
0.913000 1.000000
0.914000 1.000000
0.915000 1.000000
0.916000 1.000000
0.917000 1.000000
0.918000 1.000000
0.919000 1.000000
0.920000 1.000000
0.921000 1.000000
0.922000 1.000000
0.923000 1.000000
0.924000 1.000000
0.925000 1.000000
0.926000 1.000000
0.927000 1.000000
0.928000 1.000000
0.929000 1.000000
0.930000 1.000000
0.931000 1.000000
0.932000 1.000000
0.933000 1.000000
0.934000 1.000000
0.935000 1.000000
0.936000 1.000000
0.937000 1.000000
0.938000 1.000000
0.939000 1.000000
0.940000 1.000000
0.941000 1.000000
0.942000 1.000000
0.943000 1.000000
0.944000 1.000000
0.945000 1.000000
0.946000 1.000000
0.947000 1.000000
0.948000 1.000000
0.949000 1.000000
0.950000 1.000000
0.951000 1.000000
0.952000 1.000000
0.953000 1.000000
0.954000 1.000000
0.955000 1.000000
0.956000 1.000000
0.957000 1.000000
0.958000 1.000000
0.959000 1.000000
0.960000 1.000000
0.961000 1.000000
0.962000 1.000000
0.963000 1.000000
0.964000 1.000000
0.965000 1.000000
0.966000 1.000000
0.967000 1.000000
0.968000 1.000000
0.969000 1.000000
0.970000 1.000000
0.971000 1.000000
0.972000 1.000000
0.973000 1.000000
0.974000 1.000000
0.975000 1.000000
0.976000 1.000000
0.977000 1.000000
0.978000 1.000000
0.979000 1.000000
0.980000 1.000000
0.981000 1.000000
0.982000 1.000000
0.983000 1.000000
0.984000 1.000000
0.985000 1.000000
0.986000 1.000000
0.987000 1.000000
0.988000 1.000000
0.989000 1.000000
0.990000 1.000000
0.991000 1.000000
0.992000 1.000000
0.993000 1.000000
0.994000 1.000000
0.995000 1.000000
0.996000 1.000000
0.997000 1.000000
0.998000 1.000000
0.999000 1.000000
