0.000000 0.000000
0.001000 0.000071
0.002000 0.000284
0.003000 0.000639
0.004000 0.001135
0.005000 0.001773
0.006000 0.002553
0.007000 0.003473
0.008000 0.004534
0.009000 0.005735
0.010000 0.007075
0.011000 0.008555
0.012000 0.010173
0.013000 0.011928
0.014000 0.013821
0.015000 0.015850
0.016000 0.018014
0.017000 0.020313
0.018000 0.022745
0.019000 0.025310
0.020000 0.028006
0.021000 0.030833
0.022000 0.033788
0.023000 0.036872
0.024000 0.040082
0.025000 0.043418
0.026000 0.046878
0.027000 0.050460
0.028000 0.054164
0.029000 0.057987
0.030000 0.061928
0.031000 0.065986
0.032000 0.070159
0.033000 0.074444
0.034000 0.078842
0.035000 0.083349
0.036000 0.087964
0.037000 0.092685
0.038000 0.097510
0.039000 0.102438
0.040000 0.107466
0.041000 0.112593
0.042000 0.117816
0.043000 0.123133
0.044000 0.128543
0.045000 0.134044
0.046000 0.139632
0.047000 0.145307
0.048000 0.151065
0.049000 0.156905
0.050000 0.162825
0.051000 0.168822
0.052000 0.174895
0.053000 0.181040
0.054000 0.187255
0.055000 0.193540
0.056000 0.199890
0.057000 0.206304
0.058000 0.212779
0.059000 0.219314
0.060000 0.225905
0.061000 0.232551
0.062000 0.239250
0.063000 0.245998
0.064000 0.252793
0.065000 0.259634
0.066000 0.266518
0.067000 0.273442
0.068000 0.280404
0.069000 0.287402
0.070000 0.294434
0.071000 0.301497
0.072000 0.308589
0.073000 0.315708
0.074000 0.322851
0.075000 0.330017
0.076000 0.337202
0.077000 0.344405
0.078000 0.351623
0.079000 0.358855
0.080000 0.366098
0.081000 0.373349
0.082000 0.380608
0.083000 0.387871
0.084000 0.395136
0.085000 0.402402
0.086000 0.409666
0.087000 0.416927
0.088000 0.424182
0.089000 0.431430
0.090000 0.438667
0.091000 0.445894
0.092000 0.453107
0.093000 0.460304
0.094000 0.467485
0.095000 0.474647
0.096000 0.481787
0.097000 0.488906
0.098000 0.496000
0.099000 0.503069
0.100000 0.510110
0.101000 0.517122
0.102000 0.524103
0.103000 0.531052
0.104000 0.537967
0.105000 0.544847
0.106000 0.551691
0.107000 0.558496
0.108000 0.565262
0.109000 0.571987
0.110000 0.578670
0.111000 0.585310
0.112000 0.591906
0.113000 0.598456
0.114000 0.604958
0.115000 0.611413
0.116000 0.617819
0.117000 0.624175
0.118000 0.630480
0.119000 0.636733
0.120000 0.642933
0.121000 0.649080
0.122000 0.655171
0.123000 0.661207
0.124000 0.667187
0.125000 0.673111
0.126000 0.678976
0.127000 0.684783
0.128000 0.690531
0.129000 0.696220
0.130000 0.701849
0.131000 0.707417
0.132000 0.712924
0.133000 0.718370
0.134000 0.723753
0.135000 0.729075
0.136000 0.734333
0.137000 0.739529
0.138000 0.744661
0.139000 0.749730
0.140000 0.754736
0.141000 0.759677
0.142000 0.764554
0.143000 0.769367
0.144000 0.774116
0.145000 0.778801
0.146000 0.783421
0.147000 0.787977
0.148000 0.792468
0.149000 0.796895
0.150000 0.801258
0.151000 0.805556
0.152000 0.809791
0.153000 0.813961
0.154000 0.818068
0.155000 0.822112
0.156000 0.826092
0.157000 0.830009
0.158000 0.833863
0.159000 0.837655
0.160000 0.841384
0.161000 0.845052
0.162000 0.848658
0.163000 0.852202
0.164000 0.855686
0.165000 0.859110
0.166000 0.862473
0.167000 0.865777
0.168000 0.869022
0.169000 0.872208
0.170000 0.875336
0.171000 0.878406
0.172000 0.881419
0.173000 0.884375
0.174000 0.887276
0.175000 0.890120
0.176000 0.892909
0.177000 0.895644
0.178000 0.898325
0.179000 0.900952
0.180000 0.903527
0.181000 0.906049
0.182000 0.908520
0.183000 0.910940
0.184000 0.913309
0.185000 0.915629
0.186000 0.917900
0.187000 0.920122
0.188000 0.922296
0.189000 0.924423
0.190000 0.926503
0.191000 0.928537
0.192000 0.930526
0.193000 0.932471
0.194000 0.934371
0.195000 0.936228
0.196000 0.938043
0.197000 0.939815
0.198000 0.941546
0.199000 0.943236
0.200000 0.944887
0.201000 0.946497
0.202000 0.948070
0.203000 0.949604
0.204000 0.951100
0.205000 0.952560
0.206000 0.953983
0.207000 0.955371
0.208000 0.956725
0.209000 0.958044
0.210000 0.959329
0.211000 0.960581
0.212000 0.961801
0.213000 0.962990
0.214000 0.964147
0.215000 0.965273
0.216000 0.966370
0.217000 0.967438
0.218000 0.968476
0.219000 0.969487
0.220000 0.970470
0.221000 0.971426
0.222000 0.972356
0.223000 0.973259
0.224000 0.974138
0.225000 0.974992
0.226000 0.975821
0.227000 0.976627
0.228000 0.977410
0.229000 0.978170
0.230000 0.978909
0.231000 0.979625
0.232000 0.980321
0.233000 0.980996
0.234000 0.981651
0.235000 0.982286
0.236000 0.982902
0.237000 0.983500
0.238000 0.984079
0.239000 0.984641
0.240000 0.985185
0.241000 0.985712
0.242000 0.986223
0.243000 0.986718
0.244000 0.987198
0.245000 0.987662
0.246000 0.988111
0.247000 0.988546
0.248000 0.988967
0.249000 0.989374
0.250000 0.989768
0.251000 0.990149
0.252000 0.990518
0.253000 0.990874
0.254000 0.991218
0.255000 0.991551
0.256000 0.991873
0.257000 0.992184
0.258000 0.992484
0.259000 0.992774
0.260000 0.993054
0.261000 0.993324
0.262000 0.993585
0.263000 0.993836
0.264000 0.994079
0.265000 0.994314
0.266000 0.994540
0.267000 0.994758
0.268000 0.994968
0.269000 0.995170
0.270000 0.995366
0.271000 0.995554
0.272000 0.995735
0.273000 0.995910
0.274000 0.996078
0.275000 0.996240
0.276000 0.996396
0.277000 0.996546
0.278000 0.996690
0.279000 0.996829
0.280000 0.996963
0.281000 0.997091
0.282000 0.997215
0.283000 0.997333
0.284000 0.997448
0.285000 0.997557
0.286000 0.997663
0.287000 0.997764
0.288000 0.997862
0.289000 0.997955
0.290000 0.998045
0.291000 0.998131
0.292000 0.998214
0.293000 0.998293
0.294000 0.998369
0.295000 0.998442
0.296000 0.998512
0.297000 0.998579
0.298000 0.998643
0.299000 0.998705
0.300000 0.998764
0.301000 0.998821
0.302000 0.998875
0.303000 0.998927
0.304000 0.998977
0.305000 0.999024
0.306000 0.999070
0.307000 0.999114
0.308000 0.999155
0.309000 0.999195
0.310000 0.999233
0.311000 0.999270
0.312000 0.999305
0.313000 0.999338
0.314000 0.999370
0.315000 0.999401
0.316000 0.999430
0.317000 0.999457
0.318000 0.999484
0.319000 0.999509
0.320000 0.999533
0.321000 0.999557
0.322000 0.999579
0.323000 0.999600
0.324000 0.999620
0.325000 0.999639
0.326000 0.999657
0.327000 0.999674
0.328000 0.999691
0.329000 0.999707
0.330000 0.999722
0.331000 0.999736
0.332000 0.999749
0.333000 0.999762
0.334000 0.999775
0.335000 0.999786
0.336000 0.999798
0.337000 0.999808
0.338000 0.999818
0.339000 0.999828
0.340000 0.999837
0.341000 0.999846
0.342000 0.999854
0.343000 0.999862
0.344000 0.999869
0.345000 0.999876
0.346000 0.999883
0.347000 0.999889
0.348000 0.999895
0.349000 0.999901
0.350000 0.999907
0.351000 0.999912
0.352000 0.999917
0.353000 0.999921
0.354000 0.999926
0.355000 0.999930
0.356000 0.999934
0.357000 0.999937
0.358000 0.999941
0.359000 0.999944
0.360000 0.999948
0.361000 0.999951
0.362000 0.999953
0.363000 0.999956
0.364000 0.999959
0.365000 0.999961
0.366000 0.999963
0.367000 0.999965
0.368000 0.999967
0.369000 0.999969
0.370000 0.999971
0.371000 0.999973
0.372000 0.999974
0.373000 0.999976
0.374000 0.999977
0.375000 0.999979
0.376000 0.999980
0.377000 0.999981
0.378000 0.999982
0.379000 0.999983
0.380000 0.999984
0.381000 0.999985
0.382000 0.999986
0.383000 0.999987
0.384000 0.999988
0.385000 0.999989
0.386000 0.999989
0.387000 0.999990
0.388000 0.999991
0.389000 0.999991
0.390000 0.999992
0.391000 0.999992
0.392000 0.999993
0.393000 0.999993
0.394000 0.999994
0.395000 0.999994
0.396000 0.999994
0.397000 0.999995
0.398000 0.999995
0.399000 0.999996
0.400000 0.999996
0.401000 0.999996
0.402000 0.999996
0.403000 0.999997
0.404000 0.999997
0.405000 0.999997
0.406000 0.999997
0.407000 0.999997
0.408000 0.999998
0.409000 0.999998
0.410000 0.999998
0.411000 0.999998
0.412000 0.999998
0.413000 0.999998
0.414000 0.999998
0.415000 0.999999
0.416000 0.999999
0.417000 0.999999
0.418000 0.999999
0.419000 0.999999
0.420000 0.999999
0.421000 0.999999
0.422000 0.999999
0.423000 0.999999
0.424000 0.999999
0.425000 0.999999
0.426000 0.999999
0.427000 0.999999
0.428000 0.999999
0.429000 0.999999
0.430000 1.000000
0.431000 1.000000
0.432000 1.000000
0.433000 1.000000
0.434000 1.000000
0.435000 1.000000
0.436000 1.000000
0.437000 1.000000
0.438000 1.000000
0.439000 1.000000
0.440000 1.000000
0.441000 1.000000
0.442000 1.000000
0.443000 1.000000
0.444000 1.000000
0.445000 1.000000
0.446000 1.000000
0.447000 1.000000
0.448000 1.000000
0.449000 1.000000
0.450000 1.000000
0.451000 1.000000
0.452000 1.000000
0.453000 1.000000
0.454000 1.000000
0.455000 1.000000
0.456000 1.000000
0.457000 1.000000
0.458000 1.000000
0.459000 1.000000
0.460000 1.000000
0.461000 1.000000
0.462000 1.000000
0.463000 1.000000
0.464000 1.000000
0.465000 1.000000
0.466000 1.000000
0.467000 1.000000
0.468000 1.000000
0.469000 1.000000
0.470000 1.000000
0.471000 1.000000
0.472000 1.000000
0.473000 1.000000
0.474000 1.000000
0.475000 1.000000
0.476000 1.000000
0.477000 1.000000
0.478000 1.000000
0.479000 1.000000
0.480000 1.000000
0.481000 1.000000
0.482000 1.000000
0.483000 1.000000
0.484000 1.000000
0.485000 1.000000
0.486000 1.000000
0.487000 1.000000
0.488000 1.000000
0.489000 1.000000
0.490000 1.000000
0.491000 1.000000
0.492000 1.000000
0.493000 1.000000
0.494000 1.000000
0.495000 1.000000
0.496000 1.000000
0.497000 1.000000
0.498000 1.000000
0.499000 1.000000
0.500000 1.000000
0.501000 1.000000
0.502000 1.000000
0.503000 1.000000
0.504000 1.000000
0.505000 1.000000
0.506000 1.000000
0.507000 1.000000
0.508000 1.000000
0.509000 1.000000
0.510000 1.000000
0.511000 1.000000
0.512000 1.000000
0.513000 1.000000
0.514000 1.000000
0.515000 1.000000
0.516000 1.000000
0.517000 1.000000
0.518000 1.000000
0.519000 1.000000
0.520000 1.000000
0.521000 1.000000
0.522000 1.000000
0.523000 1.000000
0.524000 1.000000
0.525000 1.000000
0.526000 1.000000
0.527000 1.000000
0.528000 1.000000
0.529000 1.000000
0.530000 1.000000
0.531000 1.000000
0.532000 1.000000
0.533000 1.000000
0.534000 1.000000
0.535000 1.000000
0.536000 1.000000
0.537000 1.000000
0.538000 1.000000
0.539000 1.000000
0.540000 1.000000
0.541000 1.000000
0.542000 1.000000
0.543000 1.000000
0.544000 1.000000
0.545000 1.000000
0.546000 1.000000
0.547000 1.000000
0.548000 1.000000
0.549000 1.000000
0.550000 1.000000
0.551000 1.000000
0.552000 1.000000
0.553000 1.000000
0.554000 1.000000
0.555000 1.000000
0.556000 1.000000
0.557000 1.000000
0.558000 1.000000
0.559000 1.000000
0.560000 1.000000
0.561000 1.000000
0.562000 1.000000
0.563000 1.000000
0.564000 1.000000
0.565000 1.000000
0.566000 1.000000
0.567000 1.000000
0.568000 1.000000
0.569000 1.000000
0.570000 1.000000
0.571000 1.000000
0.572000 1.000000
0.573000 1.000000
0.574000 1.000000
0.575000 1.000000
0.576000 1.000000
0.577000 1.000000
0.578000 1.000000
0.579000 1.000000
0.580000 1.000000
0.581000 1.000000
0.582000 1.000000
0.583000 1.000000
0.584000 1.000000
0.585000 1.000000
0.586000 1.000000
0.587000 1.000000
0.588000 1.000000
0.589000 1.000000
0.590000 1.000000
0.591000 1.000000
0.592000 1.000000
0.593000 1.000000
0.594000 1.000000
0.595000 1.000000
0.596000 1.000000
0.597000 1.000000
0.598000 1.000000
0.599000 1.000000
0.600000 1.000000
0.601000 1.000000
0.602000 1.000000
0.603000 1.000000
0.604000 1.000000
0.605000 1.000000
0.606000 1.000000
0.607000 1.000000
0.608000 1.000000
0.609000 1.000000
0.610000 1.000000
0.611000 1.000000
0.612000 1.000000
0.613000 1.000000
0.614000 1.000000
0.615000 1.000000
0.616000 1.000000
0.617000 1.000000
0.618000 1.000000
0.619000 1.000000
0.620000 1.000000
0.621000 1.000000
0.622000 1.000000
0.623000 1.000000
0.624000 1.000000
0.625000 1.000000
0.626000 1.000000
0.627000 1.000000
0.628000 1.000000
0.629000 1.000000
0.630000 1.000000
0.631000 1.000000
0.632000 1.000000
0.633000 1.000000
0.634000 1.000000
0.635000 1.000000
0.636000 1.000000
0.637000 1.000000
0.638000 1.000000
0.639000 1.000000
0.640000 1.000000
0.641000 1.000000
0.642000 1.000000
0.643000 1.000000
0.644000 1.000000
0.645000 1.000000
0.646000 1.000000
0.647000 1.000000
0.648000 1.000000
0.649000 1.000000
0.650000 1.000000
0.651000 1.000000
0.652000 1.000000
0.653000 1.000000
0.654000 1.000000
0.655000 1.000000
0.656000 1.000000
0.657000 1.000000
0.658000 1.000000
0.659000 1.000000
0.660000 1.000000
0.661000 1.000000
0.662000 1.000000
0.663000 1.000000
0.664000 1.000000
0.665000 1.000000
0.666000 1.000000
0.667000 1.000000
0.668000 1.000000
0.669000 1.000000
0.670000 1.000000
0.671000 1.000000
0.672000 1.000000
0.673000 1.000000
0.674000 1.000000
0.675000 1.000000
0.676000 1.000000
0.677000 1.000000
0.678000 1.000000
0.679000 1.000000
0.680000 1.000000
0.681000 1.000000
0.682000 1.000000
0.683000 1.000000
0.684000 1.000000
0.685000 1.000000
0.686000 1.000000
0.687000 1.000000
0.688000 1.000000
0.689000 1.000000
0.690000 1.000000
0.691000 1.000000
0.692000 1.000000
0.693000 1.000000
0.694000 1.000000
0.695000 1.000000
0.696000 1.000000
0.697000 1.000000
0.698000 1.000000
0.699000 1.000000
0.700000 1.000000
0.701000 1.000000
0.702000 1.000000
0.703000 1.000000
0.704000 1.000000
0.705000 1.000000
0.706000 1.000000
0.707000 1.000000
0.708000 1.000000
0.709000 1.000000
0.710000 1.000000
0.711000 1.000000
0.712000 1.000000
0.713000 1.000000
0.714000 1.000000
0.715000 1.000000
0.716000 1.000000
0.717000 1.000000
0.718000 1.000000
0.719000 1.000000
0.720000 1.000000
0.721000 1.000000
0.722000 1.000000
0.723000 1.000000
0.724000 1.000000
0.725000 1.000000
0.726000 1.000000
0.727000 1.000000
0.728000 1.000000
0.729000 1.000000
0.730000 1.000000
0.731000 1.000000
0.732000 1.000000
0.733000 1.000000
0.734000 1.000000
0.735000 1.000000
0.736000 1.000000
0.737000 1.000000
0.738000 1.000000
0.739000 1.000000
0.740000 1.000000
0.741000 1.000000
0.742000 1.000000
0.743000 1.000000
0.744000 1.000000
0.745000 1.000000
0.746000 1.000000
0.747000 1.000000
0.748000 1.000000
0.749000 1.000000
0.750000 1.000000
0.751000 1.000000
0.752000 1.000000
0.753000 1.000000
0.754000 1.000000
0.755000 1.000000
0.756000 1.000000
0.757000 1.000000
0.758000 1.000000
0.759000 1.000000
0.760000 1.000000
0.761000 1.000000
0.762000 1.000000
0.763000 1.000000
0.764000 1.000000
0.765000 1.000000
0.766000 1.000000
0.767000 1.000000
0.768000 1.000000
0.769000 1.000000
0.770000 1.000000
0.771000 1.000000
0.772000 1.000000
0.773000 1.000000
0.774000 1.000000
0.775000 1.000000
0.776000 1.000000
0.777000 1.000000
0.778000 1.000000
0.779000 1.000000
0.780000 1.000000
0.781000 1.000000
0.782000 1.000000
0.783000 1.000000
0.784000 1.000000
0.785000 1.000000
0.786000 1.000000
0.787000 1.000000
0.788000 1.000000
0.789000 1.000000
0.790000 1.000000
0.791000 1.000000
0.792000 1.000000
0.793000 1.000000
0.794000 1.000000
0.795000 1.000000
0.796000 1.000000
0.797000 1.000000
0.798000 1.000000
0.799000 1.000000
0.800000 1.000000
0.801000 1.000000
0.802000 1.000000
0.803000 1.000000
0.804000 1.000000
0.805000 1.000000
0.806000 1.000000
0.807000 1.000000
0.808000 1.000000
0.809000 1.000000
0.810000 1.000000
0.811000 1.000000
0.812000 1.000000
0.813000 1.000000
0.814000 1.000000
0.815000 1.000000
0.816000 1.000000
0.817000 1.000000
0.818000 1.000000
0.819000 1.000000
0.820000 1.000000
0.821000 1.000000
0.822000 1.000000
0.823000 1.000000
0.824000 1.000000
0.825000 1.000000
0.826000 1.000000
0.827000 1.000000
0.828000 1.000000
0.829000 1.000000
0.830000 1.000000
0.831000 1.000000
0.832000 1.000000
0.833000 1.000000
0.834000 1.000000
0.835000 1.000000
0.836000 1.000000
0.837000 1.000000
0.838000 1.000000
0.839000 1.000000
0.840000 1.000000
0.841000 1.000000
0.842000 1.000000
0.843000 1.000000
0.844000 1.000000
0.845000 1.000000
0.846000 1.000000
0.847000 1.000000
0.848000 1.000000
0.849000 1.000000
0.850000 1.000000
0.851000 1.000000
0.852000 1.000000
0.853000 1.000000
0.854000 1.000000
0.855000 1.000000
0.856000 1.000000
0.857000 1.000000
0.858000 1.000000
0.859000 1.000000
0.860000 1.000000
0.861000 1.000000
0.862000 1.000000
0.863000 1.000000
0.864000 1.000000
0.865000 1.000000
0.866000 1.000000
0.867000 1.000000
0.868000 1.000000
0.869000 1.000000
0.870000 1.000000
0.871000 1.000000
0.872000 1.000000
0.873000 1.000000
0.874000 1.000000
0.875000 1.000000
0.876000 1.000000
0.877000 1.000000
0.878000 1.000000
0.879000 1.000000
0.880000 1.000000
0.881000 1.000000
0.882000 1.000000
0.883000 1.000000
0.884000 1.000000
0.885000 1.000000
0.886000 1.000000
0.887000 1.000000
0.888000 1.000000
0.889000 1.000000
0.890000 1.000000
0.891000 1.000000
0.892000 1.000000
0.893000 1.000000
0.894000 1.000000
0.895000 1.000000
0.896000 1.000000
0.897000 1.000000
0.898000 1.000000
0.899000 1.000000
0.900000 1.000000
0.901000 1.000000
0.902000 1.000000
0.903000 1.000000
0.904000 1.000000
0.905000 1.000000
0.906000 1.000000
0.907000 1.000000
0.908000 1.000000
0.909000 1.000000
0.910000 1.000000
0.911000 1.000000
0.912000 1.000000
0.913000 1.000000
0.914000 1.000000
0.915000 1.000000
0.916000 1.000000
0.917000 1.000000
0.918000 1.000000
0.919000 1.000000
0.920000 1.000000
0.921000 1.000000
0.922000 1.000000
0.923000 1.000000
0.924000 1.000000
0.925000 1.000000
0.926000 1.000000
0.927000 1.000000
0.928000 1.000000
0.929000 1.000000
0.930000 1.000000
0.931000 1.000000
0.932000 1.000000
0.933000 1.000000
0.934000 1.000000
0.935000 1.000000
0.936000 1.000000
0.937000 1.000000
0.938000 1.000000
0.939000 1.000000
0.940000 1.000000
0.941000 1.000000
0.942000 1.000000
0.943000 1.000000
0.944000 1.000000
0.945000 1.000000
0.946000 1.000000
0.947000 1.000000
0.948000 1.000000
0.949000 1.000000
0.950000 1.000000
0.951000 1.000000
0.952000 1.000000
0.953000 1.000000
0.954000 1.000000
0.955000 1.000000
0.956000 1.000000
0.957000 1.000000
0.958000 1.000000
0.959000 1.000000
0.960000 1.000000
0.961000 1.000000
0.962000 1.000000
0.963000 1.000000
0.964000 1.000000
0.965000 1.000000
0.966000 1.000000
0.967000 1.000000
0.968000 1.000000
0.969000 1.000000
0.970000 1.000000
0.971000 1.000000
0.972000 1.000000
0.973000 1.000000
0.974000 1.000000
0.975000 1.000000
0.976000 1.000000
0.977000 1.000000
0.978000 1.000000
0.979000 1.000000
0.980000 1.000000
0.981000 1.000000
0.982000 1.000000
0.983000 1.000000
0.984000 1.000000
0.985000 1.000000
0.986000 1.000000
0.987000 1.000000
0.988000 1.000000
0.989000 1.000000
0.990000 1.000000
0.991000 1.000000
0.992000 1.000000
0.993000 1.000000
0.994000 1.000000
0.995000 1.000000
0.996000 1.000000
0.997000 1.000000
0.998000 1.000000
0.999000 1.000000
