0.000000 0.000000
0.001000 0.000061
0.002000 0.000244
0.003000 0.000549
0.004000 0.000976
0.005000 0.001524
0.006000 0.002194
0.007000 0.002985
0.008000 0.003897
0.009000 0.004929
0.010000 0.006082
0.011000 0.007354
0.012000 0.008746
0.013000 0.010257
0.014000 0.011886
0.015000 0.013633
0.016000 0.015497
0.017000 0.017477
0.018000 0.019573
0.019000 0.021784
0.020000 0.024109
0.021000 0.026548
0.022000 0.029099
0.023000 0.031762
0.024000 0.034536
0.025000 0.037419
0.026000 0.040411
0.027000 0.043510
0.028000 0.046716
0.029000 0.050028
0.030000 0.053444
0.031000 0.056962
0.032000 0.060583
0.033000 0.064305
0.034000 0.068125
0.035000 0.072044
0.036000 0.076059
0.037000 0.080170
0.038000 0.084374
0.039000 0.088671
0.040000 0.093059
0.041000 0.097537
0.042000 0.102102
0.043000 0.106754
0.044000 0.111491
0.045000 0.116311
0.046000 0.121213
0.047000 0.126195
0.048000 0.131255
0.049000 0.136393
0.050000 0.141605
0.051000 0.146891
0.052000 0.152248
0.053000 0.157676
0.054000 0.163171
0.055000 0.168733
0.056000 0.174360
0.057000 0.180050
0.058000 0.185801
0.059000 0.191611
0.060000 0.197478
0.061000 0.203401
0.062000 0.209378
0.063000 0.215407
0.064000 0.221487
0.065000 0.227614
0.066000 0.233788
0.067000 0.240007
0.068000 0.246268
0.069000 0.252570
0.070000 0.258911
0.071000 0.265289
0.072000 0.271703
0.073000 0.278150
0.074000 0.284629
0.075000 0.291137
0.076000 0.297674
0.077000 0.304236
0.078000 0.310823
0.079000 0.317433
0.080000 0.324062
0.081000 0.330711
0.082000 0.337377
0.083000 0.344058
0.084000 0.350753
0.085000 0.357459
0.086000 0.364175
0.087000 0.370900
0.088000 0.377631
0.089000 0.384367
0.090000 0.391107
0.091000 0.397847
0.092000 0.404588
0.093000 0.411327
0.094000 0.418062
0.095000 0.424792
0.096000 0.431516
0.097000 0.438232
0.098000 0.444938
0.099000 0.451633
0.100000 0.458315
0.101000 0.464983
0.102000 0.471635
0.103000 0.478271
0.104000 0.484888
0.105000 0.491485
0.106000 0.498060
0.107000 0.504614
0.108000 0.511143
0.109000 0.517648
0.110000 0.524126
0.111000 0.530576
0.112000 0.536998
0.113000 0.543390
0.114000 0.549750
0.115000 0.556078
0.116000 0.562373
0.117000 0.568633
0.118000 0.574858
0.119000 0.581047
0.120000 0.587197
0.121000 0.593310
0.122000 0.599383
0.123000 0.605415
0.124000 0.611407
0.125000 0.617356
0.126000 0.623262
0.127000 0.629125
0.128000 0.634943
0.129000 0.640716
0.130000 0.646443
0.131000 0.652123
0.132000 0.657756
0.133000 0.663342
0.134000 0.668878
0.135000 0.674366
0.136000 0.679804
0.137000 0.685191
0.138000 0.690528
0.139000 0.695814
0.140000 0.701048
0.141000 0.706230
0.142000 0.711360
0.143000 0.716437
0.144000 0.721460
0.145000 0.726430
0.146000 0.731347
0.147000 0.736209
0.148000 0.741017
0.149000 0.745771
0.150000 0.750470
0.151000 0.755114
0.152000 0.759703
0.153000 0.764237
0.154000 0.768716
0.155000 0.773139
0.156000 0.777507
0.157000 0.781819
0.158000 0.786076
0.159000 0.790277
0.160000 0.794423
0.161000 0.798514
0.162000 0.802549
0.163000 0.806529
0.164000 0.810454
0.165000 0.814324
0.166000 0.818139
0.167000 0.821899
0.168000 0.825604
0.169000 0.829255
0.170000 0.832852
0.171000 0.836395
0.172000 0.839884
0.173000 0.843320
0.174000 0.846702
0.175000 0.850031
0.176000 0.853308
0.177000 0.856532
0.178000 0.859705
0.179000 0.862825
0.180000 0.865894
0.181000 0.868912
0.182000 0.871880
0.183000 0.874797
0.184000 0.877664
0.185000 0.880482
0.186000 0.883251
0.187000 0.885971
0.188000 0.888642
0.189000 0.891266
0.190000 0.893842
0.191000 0.896372
0.192000 0.898855
0.193000 0.901292
0.194000 0.903683
0.195000 0.906030
0.196000 0.908331
0.197000 0.910589
0.198000 0.912803
0.199000 0.914974
0.200000 0.917102
0.201000 0.919188
0.202000 0.921232
0.203000 0.923235
0.204000 0.925198
0.205000 0.927121
0.206000 0.929004
0.207000 0.930847
0.208000 0.932653
0.209000 0.934420
0.210000 0.936150
0.211000 0.937843
0.212000 0.939499
0.213000 0.941120
0.214000 0.942705
0.215000 0.944256
0.216000 0.945771
0.217000 0.947254
0.218000 0.948702
0.219000 0.950119
0.220000 0.951502
0.221000 0.952854
0.222000 0.954175
0.223000 0.955466
0.224000 0.956726
0.225000 0.957956
0.226000 0.959157
0.227000 0.960330
0.228000 0.961474
0.229000 0.962590
0.230000 0.963680
0.231000 0.964743
0.232000 0.965779
0.233000 0.966790
0.234000 0.967776
0.235000 0.968737
0.236000 0.969674
0.237000 0.970586
0.238000 0.971476
0.239000 0.972342
0.240000 0.973187
0.241000 0.974009
0.242000 0.974809
0.243000 0.975589
0.244000 0.976348
0.245000 0.977086
0.246000 0.977805
0.247000 0.978505
0.248000 0.979185
0.249000 0.979847
0.250000 0.980490
0.251000 0.981116
0.252000 0.981725
0.253000 0.982316
0.254000 0.982891
0.255000 0.983450
0.256000 0.983993
0.257000 0.984520
0.258000 0.985032
0.259000 0.985530
0.260000 0.986013
0.261000 0.986481
0.262000 0.986937
0.263000 0.987378
0.264000 0.987807
0.265000 0.988223
0.266000 0.988626
0.267000 0.989017
0.268000 0.989396
0.269000 0.989764
0.270000 0.990121
0.271000 0.990466
0.272000 0.990801
0.273000 0.991126
0.274000 0.991440
0.275000 0.991745
0.276000 0.992039
0.277000 0.992325
0.278000 0.992601
0.279000 0.992869
0.280000 0.993128
0.281000 0.993378
0.282000 0.993621
0.283000 0.993855
0.284000 0.994082
0.285000 0.994302
0.286000 0.994514
0.287000 0.994719
0.288000 0.994917
0.289000 0.995108
0.290000 0.995293
0.291000 0.995472
0.292000 0.995644
0.293000 0.995811
0.294000 0.995972
0.295000 0.996127
0.296000 0.996277
0.297000 0.996422
0.298000 0.996562
0.299000 0.996697
0.300000 0.996827
0.301000 0.996952
0.302000 0.997073
0.303000 0.997189
0.304000 0.997302
0.305000 0.997410
0.306000 0.997514
0.307000 0.997615
0.308000 0.997712
0.309000 0.997805
0.310000 0.997895
0.311000 0.997981
0.312000 0.998064
0.313000 0.998144
0.314000 0.998221
0.315000 0.998296
0.316000 0.998367
0.317000 0.998435
0.318000 0.998501
0.319000 0.998565
0.320000 0.998626
0.321000 0.998684
0.322000 0.998741
0.323000 0.998795
0.324000 0.998847
0.325000 0.998897
0.326000 0.998945
0.327000 0.998991
0.328000 0.999035
0.329000 0.999077
0.330000 0.999118
0.331000 0.999157
0.332000 0.999194
0.333000 0.999230
0.334000 0.999265
0.335000 0.999298
0.336000 0.999329
0.337000 0.999360
0.338000 0.999389
0.339000 0.999417
0.340000 0.999443
0.341000 0.999469
0.342000 0.999493
0.343000 0.999517
0.344000 0.999539
0.345000 0.999561
0.346000 0.999581
0.347000 0.999601
0.348000 0.999620
0.349000 0.999638
0.350000 0.999655
0.351000 0.999671
0.352000 0.999687
0.353000 0.999702
0.354000 0.999716
0.355000 0.999730
0.356000 0.999743
0.357000 0.999756
0.358000 0.999767
0.359000 0.999779
0.360000 0.999790
0.361000 0.999800
0.362000 0.999810
0.363000 0.999819
0.364000 0.999828
0.365000 0.999837
0.366000 0.999845
0.367000 0.999853
0.368000 0.999860
0.369000 0.999867
0.370000 0.999874
0.371000 0.999881
0.372000 0.999887
0.373000 0.999893
0.374000 0.999898
0.375000 0.999903
0.376000 0.999908
0.377000 0.999913
0.378000 0.999918
0.379000 0.999922
0.380000 0.999926
0.381000 0.999930
0.382000 0.999934
0.383000 0.999937
0.384000 0.999941
0.385000 0.999944
0.386000 0.999947
0.387000 0.999950
0.388000 0.999952
0.389000 0.999955
0.390000 0.999957
0.391000 0.999960
0.392000 0.999962
0.393000 0.999964
0.394000 0.999966
0.395000 0.999968
0.396000 0.999970
0.397000 0.999971
0.398000 0.999973
0.399000 0.999975
0.400000 0.999976
0.401000 0.999977
0.402000 0.999979
0.403000 0.999980
0.404000 0.999981
0.405000 0.999982
0.406000 0.999983
0.407000 0.999984
0.408000 0.999985
0.409000 0.999986
0.410000 0.999987
0.411000 0.999987
0.412000 0.999988
0.413000 0.999989
0.414000 0.999990
0.415000 0.999990
0.416000 0.999991
0.417000 0.999991
0.418000 0.999992
0.419000 0.999992
0.420000 0.999993
0.421000 0.999993
0.422000 0.999994
0.423000 0.999994
0.424000 0.999994
0.425000 0.999995
0.426000 0.999995
0.427000 0.999995
0.428000 0.999996
0.429000 0.999996
0.430000 0.999996
0.431000 0.999996
0.432000 0.999997
0.433000 0.999997
0.434000 0.999997
0.435000 0.999997
0.436000 0.999997
0.437000 0.999998
0.438000 0.999998
0.439000 0.999998
0.440000 0.999998
0.441000 0.999998
0.442000 0.999998
0.443000 0.999998
0.444000 0.999998
0.445000 0.999999
0.446000 0.999999
0.447000 0.999999
0.448000 0.999999
0.449000 0.999999
0.450000 0.999999
0.451000 0.999999
0.452000 0.999999
0.453000 0.999999
0.454000 0.999999
0.455000 0.999999
0.456000 0.999999
0.457000 0.999999
0.458000 0.999999
0.459000 0.999999
0.460000 0.999999
0.461000 1.000000
0.462000 1.000000
0.463000 1.000000
0.464000 1.000000
0.465000 1.000000
0.466000 1.000000
0.467000 1.000000
0.468000 1.000000
0.469000 1.000000
0.470000 1.000000
0.471000 1.000000
0.472000 1.000000
0.473000 1.000000
0.474000 1.000000
0.475000 1.000000
0.476000 1.000000
0.477000 1.000000
0.478000 1.000000
0.479000 1.000000
0.480000 1.000000
0.481000 1.000000
0.482000 1.000000
0.483000 1.000000
0.484000 1.000000
0.485000 1.000000
0.486000 1.000000
0.487000 1.000000
0.488000 1.000000
0.489000 1.000000
0.490000 1.000000
0.491000 1.000000
0.492000 1.000000
0.493000 1.000000
0.494000 1.000000
0.495000 1.000000
0.496000 1.000000
0.497000 1.000000
0.498000 1.000000
0.499000 1.000000
0.500000 1.000000
0.501000 1.000000
0.502000 1.000000
0.503000 1.000000
0.504000 1.000000
0.505000 1.000000
0.506000 1.000000
0.507000 1.000000
0.508000 1.000000
0.509000 1.000000
0.510000 1.000000
0.511000 1.000000
0.512000 1.000000
0.513000 1.000000
0.514000 1.000000
0.515000 1.000000
0.516000 1.000000
0.517000 1.000000
0.518000 1.000000
0.519000 1.000000
0.520000 1.000000
0.521000 1.000000
0.522000 1.000000
0.523000 1.000000
0.524000 1.000000
0.525000 1.000000
0.526000 1.000000
0.527000 1.000000
0.528000 1.000000
0.529000 1.000000
0.530000 1.000000
0.531000 1.000000
0.532000 1.000000
0.533000 1.000000
0.534000 1.000000
0.535000 1.000000
0.536000 1.000000
0.537000 1.000000
0.538000 1.000000
0.539000 1.000000
0.540000 1.000000
0.541000 1.000000
0.542000 1.000000
0.543000 1.000000
0.544000 1.000000
0.545000 1.000000
0.546000 1.000000
0.547000 1.000000
0.548000 1.000000
0.549000 1.000000
0.550000 1.000000
0.551000 1.000000
0.552000 1.000000
0.553000 1.000000
0.554000 1.000000
0.555000 1.000000
0.556000 1.000000
0.557000 1.000000
0.558000 1.000000
0.559000 1.000000
0.560000 1.000000
0.561000 1.000000
0.562000 1.000000
0.563000 1.000000
0.564000 1.000000
0.565000 1.000000
0.566000 1.000000
0.567000 1.000000
0.568000 1.000000
0.569000 1.000000
0.570000 1.000000
0.571000 1.000000
0.572000 1.000000
0.573000 1.000000
0.574000 1.000000
0.575000 1.000000
0.576000 1.000000
0.577000 1.000000
0.578000 1.000000
0.579000 1.000000
0.580000 1.000000
0.581000 1.000000
0.582000 1.000000
0.583000 1.000000
0.584000 1.000000
0.585000 1.000000
0.586000 1.000000
0.587000 1.000000
0.588000 1.000000
0.589000 1.000000
0.590000 1.000000
0.591000 1.000000
0.592000 1.000000
0.593000 1.000000
0.594000 1.000000
0.595000 1.000000
0.596000 1.000000
0.597000 1.000000
0.598000 1.000000
0.599000 1.000000
0.600000 1.000000
0.601000 1.000000
0.602000 1.000000
0.603000 1.000000
0.604000 1.000000
0.605000 1.000000
0.606000 1.000000
0.607000 1.000000
0.608000 1.000000
0.609000 1.000000
0.610000 1.000000
0.611000 1.000000
0.612000 1.000000
0.613000 1.000000
0.614000 1.000000
0.615000 1.000000
0.616000 1.000000
0.617000 1.000000
0.618000 1.000000
0.619000 1.000000
0.620000 1.000000
0.621000 1.000000
0.622000 1.000000
0.623000 1.000000
0.624000 1.000000
0.625000 1.000000
0.626000 1.000000
0.627000 1.000000
0.628000 1.000000
0.629000 1.000000
0.630000 1.000000
0.631000 1.000000
0.632000 1.000000
0.633000 1.000000
0.634000 1.000000
0.635000 1.000000
0.636000 1.000000
0.637000 1.000000
0.638000 1.000000
0.639000 1.000000
0.640000 1.000000
0.641000 1.000000
0.642000 1.000000
0.643000 1.000000
0.644000 1.000000
0.645000 1.000000
0.646000 1.000000
0.647000 1.000000
0.648000 1.000000
0.649000 1.000000
0.650000 1.000000
0.651000 1.000000
0.652000 1.000000
0.653000 1.000000
0.654000 1.000000
0.655000 1.000000
0.656000 1.000000
0.657000 1.000000
0.658000 1.000000
0.659000 1.000000
0.660000 1.000000
0.661000 1.000000
0.662000 1.000000
0.663000 1.000000
0.664000 1.000000
0.665000 1.000000
0.666000 1.000000
0.667000 1.000000
0.668000 1.000000
0.669000 1.000000
0.670000 1.000000
0.671000 1.000000
0.672000 1.000000
0.673000 1.000000
0.674000 1.000000
0.675000 1.000000
0.676000 1.000000
0.677000 1.000000
0.678000 1.000000
0.679000 1.000000
0.680000 1.000000
0.681000 1.000000
0.682000 1.000000
0.683000 1.000000
0.684000 1.000000
0.685000 1.000000
0.686000 1.000000
0.687000 1.000000
0.688000 1.000000
0.689000 1.000000
0.690000 1.000000
0.691000 1.000000
0.692000 1.000000
0.693000 1.000000
0.694000 1.000000
0.695000 1.000000
0.696000 1.000000
0.697000 1.000000
0.698000 1.000000
0.699000 1.000000
0.700000 1.000000
0.701000 1.000000
0.702000 1.000000
0.703000 1.000000
0.704000 1.000000
0.705000 1.000000
0.706000 1.000000
0.707000 1.000000
0.708000 1.000000
0.709000 1.000000
0.710000 1.000000
0.711000 1.000000
0.712000 1.000000
0.713000 1.000000
0.714000 1.000000
0.715000 1.000000
0.716000 1.000000
0.717000 1.000000
0.718000 1.000000
0.719000 1.000000
0.720000 1.000000
0.721000 1.000000
0.722000 1.000000
0.723000 1.000000
0.724000 1.000000
0.725000 1.000000
0.726000 1.000000
0.727000 1.000000
0.728000 1.000000
0.729000 1.000000
0.730000 1.000000
0.731000 1.000000
0.732000 1.000000
0.733000 1.000000
0.734000 1.000000
0.735000 1.000000
0.736000 1.000000
0.737000 1.000000
0.738000 1.000000
0.739000 1.000000
0.740000 1.000000
0.741000 1.000000
0.742000 1.000000
0.743000 1.000000
0.744000 1.000000
0.745000 1.000000
0.746000 1.000000
0.747000 1.000000
0.748000 1.000000
0.749000 1.000000
0.750000 1.000000
0.751000 1.000000
0.752000 1.000000
0.753000 1.000000
0.754000 1.000000
0.755000 1.000000
0.756000 1.000000
0.757000 1.000000
0.758000 1.000000
0.759000 1.000000
0.760000 1.000000
0.761000 1.000000
0.762000 1.000000
0.763000 1.000000
0.764000 1.000000
0.765000 1.000000
0.766000 1.000000
0.767000 1.000000
0.768000 1.000000
0.769000 1.000000
0.770000 1.000000
0.771000 1.000000
0.772000 1.000000
0.773000 1.000000
0.774000 1.000000
0.775000 1.000000
0.776000 1.000000
0.777000 1.000000
0.778000 1.000000
0.779000 1.000000
0.780000 1.000000
0.781000 1.000000
0.782000 1.000000
0.783000 1.000000
0.784000 1.000000
0.785000 1.000000
0.786000 1.000000
0.787000 1.000000
0.788000 1.000000
0.789000 1.000000
0.790000 1.000000
0.791000 1.000000
0.792000 1.000000
0.793000 1.000000
0.794000 1.000000
0.795000 1.000000
0.796000 1.000000
0.797000 1.000000
0.798000 1.000000
0.799000 1.000000
0.800000 1.000000
0.801000 1.000000
0.802000 1.000000
0.803000 1.000000
0.804000 1.000000
0.805000 1.000000
0.806000 1.000000
0.807000 1.000000
0.808000 1.000000
0.809000 1.000000
0.810000 1.000000
0.811000 1.000000
0.812000 1.000000
0.813000 1.000000
0.814000 1.000000
0.815000 1.000000
0.816000 1.000000
0.817000 1.000000
0.818000 1.000000
0.819000 1.000000
0.820000 1.000000
0.821000 1.000000
0.822000 1.000000
0.823000 1.000000
0.824000 1.000000
0.825000 1.000000
0.826000 1.000000
0.827000 1.000000
0.828000 1.000000
0.829000 1.000000
0.830000 1.000000
0.831000 1.000000
0.832000 1.000000
0.833000 1.000000
0.834000 1.000000
0.835000 1.000000
0.836000 1.000000
0.837000 1.000000
0.838000 1.000000
0.839000 1.000000
0.840000 1.000000
0.841000 1.000000
0.842000 1.000000
0.843000 1.000000
0.844000 1.000000
0.845000 1.000000
0.846000 1.000000
0.847000 1.000000
0.848000 1.000000
0.849000 1.000000
0.850000 1.000000
0.851000 1.000000
0.852000 1.000000
0.853000 1.000000
0.854000 1.000000
0.855000 1.000000
0.856000 1.000000
0.857000 1.000000
0.858000 1.000000
0.859000 1.000000
0.860000 1.000000
0.861000 1.000000
0.862000 1.000000
0.863000 1.000000
0.864000 1.000000
0.865000 1.000000
0.866000 1.000000
0.867000 1.000000
0.868000 1.000000
0.869000 1.000000
0.870000 1.000000
0.871000 1.000000
0.872000 1.000000
0.873000 1.000000
0.874000 1.000000
0.875000 1.000000
0.876000 1.000000
0.877000 1.000000
0.878000 1.000000
0.879000 1.000000
0.880000 1.000000
0.881000 1.000000
0.882000 1.000000
0.883000 1.000000
0.884000 1.000000
0.885000 1.000000
0.886000 1.000000
0.887000 1.000000
0.888000 1.000000
0.889000 1.000000
0.890000 1.000000
0.891000 1.000000
0.892000 1.000000
0.893000 1.000000
0.894000 1.000000
0.895000 1.000000
0.896000 1.000000
0.897000 1.000000
0.898000 1.000000
0.899000 1.000000
0.900000 1.000000
0.901000 1.000000
0.902000 1.000000
0.903000 1.000000
0.904000 1.000000
0.905000 1.000000
0.906000 1.000000
0.907000 1.000000
0.908000 1.000000
0.909000 1.000000
0.910000 1.000000
0.911000 1.000000
0.912000 1.000000
0.913000 1.000000
0.914000 1.000000
0.915000 1.000000
0.916000 1.000000
0.917000 1.000000
0.918000 1.000000
0.919000 1.000000
0.920000 1.000000
0.921000 1.000000
0.922000 1.000000
0.923000 1.000000
0.924000 1.000000
0.925000 1.000000
0.926000 1.000000
0.927000 1.000000
0.928000 1.000000
0.929000 1.000000
0.930000 1.000000
0.931000 1.000000
0.932000 1.000000
0.933000 1.000000
0.934000 1.000000
0.935000 1.000000
0.936000 1.000000
0.937000 1.000000
0.938000 1.000000
0.939000 1.000000
0.940000 1.000000
0.941000 1.000000
0.942000 1.000000
0.943000 1.000000
0.944000 1.000000
0.945000 1.000000
0.946000 1.000000
0.947000 1.000000
0.948000 1.000000
0.949000 1.000000
0.950000 1.000000
0.951000 1.000000
0.952000 1.000000
0.953000 1.000000
0.954000 1.000000
0.955000 1.000000
0.956000 1.000000
0.957000 1.000000
0.958000 1.000000
0.959000 1.000000
0.960000 1.000000
0.961000 1.000000
0.962000 1.000000
0.963000 1.000000
0.964000 1.000000
0.965000 1.000000
0.966000 1.000000
0.967000 1.000000
0.968000 1.000000
0.969000 1.000000
0.970000 1.000000
0.971000 1.000000
0.972000 1.000000
0.973000 1.000000
0.974000 1.000000
0.975000 1.000000
0.976000 1.000000
0.977000 1.000000
0.978000 1.000000
0.979000 1.000000
0.980000 1.000000
0.981000 1.000000
0.982000 1.000000
0.983000 1.000000
0.984000 1.000000
0.985000 1.000000
0.986000 1.000000
0.987000 1.000000
0.988000 1.000000
0.989000 1.000000
0.990000 1.000000
0.991000 1.000000
0.992000 1.000000
0.993000 1.000000
0.994000 1.000000
0.995000 1.000000
0.996000 1.000000
0.997000 1.000000
0.998000 1.000000
0.999000 1.000000
